(59602)
0 (117)
1 (186)
2 (377)
5 (202)
6 (113)
9 (976)
10 (478)
11 (490)
12 (285)
15 (239)
18 (610)
19 (679)
22 (142)
23 (530)
26 (104)
27 (115)
30 (376)
31 (649)
32 (10414)
36 (2104)
37 (783)
38 (10844)
39 (34873)
40 (143)
41 (10460)
43 (142)
44 (126)
45 (634)
47 (314)
48 (29349)
49 (786)
50 (170)
51 (132)
52 (349)
53 (360)
55 (503)
56 (368)
58 (113)
59 (140)
60 (1058)
61 (110)
62 (387)
64 (131)
65 (3116)
66 (212)
67 (127)
68 (140)
69 (168)
71 (100)
75 (235)
76 (620)
77 (168)
78 (740)
79 (1122)
80 (326)
82 (195)
83 (140)
85 (143)
88 (111)
89 (2700)
94 (368)
95 (196)
96 (232)
98 (163)
101 (1544)
102 (116)
103 (538)
104 (171)
105 (456)
107 (530)
108 (154)
110 (1876)
116 (196)
117 (701)
123 (893)
127 (149)
128 (193)
129 (127)
133 (183)
136 (326)
141 (156)
147 (1267)
150 (411)
151 (151)
152 (117)
155 (380)
156 (562)
161 (721)
164 (228)
165 (188)
166 (214)
167 (179)
168 (217)
169 (192)
170 (2129)
171 (171)
175 (658)
176 (272)
178 (317)
179 (693)
184 (131)
185 (969)
186 (466)
189 (178)
192 (120)
193 (150)
195 (231)
197 (151)
199 (153)
200 (168)
201 (795)
203 (244)
204 (222)
205 (173)
206 (186)
207 (131)
208 (355)
209 (413)
211 (145)
213 (215)
215 (227)
220 (168)
222 (154)
225 (2269)
227 (221)
228 (129)
229 (562)
232 (257)
234 (198)
235 (210)
236 (124)
237 (2123)
242 (627)
243 (140)
244 (180)
246 (292)
248 (298)
249 (825)
250 (196)
251 (432)
255 (1050)
256 (173)
258 (704)
259 (480)
260 (489)
261 (371)
262 (229)
264 (647)
265 (110)
267 (429)
269 (489)
270 (1187)
271 (1475)
272 (452)
274 (129)
278 (207)
279 (449)
281 (328)
282 (164)
285 (173)
286 (796)
289 (132)
297 (389)
301 (823)
308 (179)
309 (215)
310 (1780)
314 (136)
319 (307)
320 (213)
325 (143)
328 (118)
331 (146)
334 (532)
337 (149)
338 (892)
340 (457)
341 (272)
342 (219)
344 (174)
345 (331)
346 (213)
347 (181)
350 (169)
351 (305)
352 (303)
357 (107)
364 (117)
365 (284)
368 (130)
370 (261)
371 (534)
374 (409)
379 (479)
382 (145)
384 (307)
388 (168)
389 (602)
390 (253)
392 (167)
393 (108)
396 (487)
397 (230)
398 (370)
399 (165)
402 (151)
405 (645)
406 (147)
407 (469)
408 (345)
412 (213)
413 (1292)
414 (188)
415 (293)
418 (339)
420 (423)
421 (123)
422 (105)
423 (208)
424 (264)
425 (414)
426 (360)
432 (310)
433 (229)
434 (156)
438 (1300)
440 (158)
441 (442)
442 (164)
444 (118)
445 (123)
447 (165)
449 (507)
454 (102)
460 (117)
464 (494)
467 (114)
475 (1520)
479 (645)
485 (152)
486 (165)
488 (506)
489 (196)
490 (312)
491 (169)
492 (198)
493 (165)
497 (232)
500 (151)
501 (208)
504 (206)
511 (191)
514 (286)
518 (100)
522 (690)
525 (157)
529 (144)
533 (1040)
534 (214)
535 (494)
536 (196)
541 (117)
543 (205)
544 (598)
547 (305)
548 (799)
549 (598)
550 (174)
552 (183)
555 (147)
558 (149)
560 (177)
563 (189)
565 (178)
566 (145)
567 (104)
570 (559)
571 (354)
572 (126)
573 (133)
576 (185)
581 (394)
583 (153)
584 (149)
587 (185)
589 (758)
591 (309)
592 (843)
593 (129)
596 (158)
597 (188)
599 (172)
604 (862)
606 (166)
610 (239)
611 (176)
612 (179)
615 (197)
621 (131)
622 (219)
623 (377)
636 (137)
639 (151)
640 (258)
643 (243)
647 (187)
649 (614)
650 (156)
651 (173)
652 (220)
653 (249)
660 (166)
662 (180)
664 (530)
673 (195)
675 (405)
677 (744)
681 (477)
682 (206)
683 (126)
684 (180)
691 (112)
694 (281)
695 (141)
696 (112)
697 (214)
698 (134)
699 (113)
703 (549)
704 (366)
706 (150)
708 (166)
711 (156)
712 (104)
713 (146)
715 (273)
718 (204)
725 (101)
727 (245)
729 (108)
730 (265)
731 (128)
734 (244)
739 (146)
740 (825)
749 (181)
750 (114)
751 (232)
753 (188)
755 (134)
757 (183)
759 (166)
760 (171)
763 (131)
764 (196)
766 (555)
767 (178)
768 (243)
769 (230)
770 (113)
772 (508)
781 (130)
783 (676)
785 (250)
789 (417)
790 (347)
791 (117)
793 (320)
795 (165)
798 (338)
801 (108)
805 (192)
806 (510)
807 (132)
808 (340)
809 (413)
812 (550)
813 (136)
817 (250)
824 (840)
828 (136)
829 (258)
830 (293)
831 (319)
837 (171)
840 (264)
842 (289)
846 (410)
848 (121)
849 (170)
851 (162)
854 (113)
855 (361)
856 (361)
861 (144)
865 (430)
874 (129)
877 (122)
878 (389)
880 (155)
885 (412)
887 (159)
892 (115)
896 (158)
899 (117)
903 (263)
905 (106)
907 (212)
909 (113)
910 (351)
911 (167)
913 (366)
914 (105)
916 (358)
919 (100)
921 (226)
924 (176)
925 (158)
926 (166)
927 (213)
932 (190)
938 (204)
939 (147)
942 (102)
943 (100)
947 (417)
956 (635)
958 (105)
961 (375)
963 (112)
966 (137)
968 (143)
973 (131)
974 (111)
976 (561)
978 (250)
979 (315)
981 (132)
983 (103)
984 (233)
986 (113)
987 (165)
989 (217)
991 (122)
993 (239)
1000 (302)
1001 (190)
1003 (284)
1004 (767)
1008 (104)
1010 (190)
1012 (170)
1013 (194)
1014 (188)
1015 (105)
1016 (146)
1020 (329)
1023 (150)
1024 (101)
1025 (157)
1026 (173)
1027 (227)
1034 (207)
1035 (114)
1043 (379)
1046 (261)
1052 (290)
1054 (107)
1055 (137)
1060 (143)
1062 (284)
1063 (127)
1066 (289)
1067 (396)
1071 (161)
1072 (172)
1080 (211)
1081 (222)
1082 (264)
1085 (179)
1096 (180)
1103 (283)
1104 (169)
1113 (307)
1115 (134)
1120 (120)
1121 (318)
1123 (100)
1124 (110)
1126 (292)
1130 (127)
1135 (455)
1143 (184)
1144 (430)
1145 (103)
1146 (1021)
1158 (292)
1159 (140)
1160 (158)
1161 (161)
1163 (184)
1165 (105)
1166 (116)
1172 (198)
1178 (117)
1180 (109)
1183 (184)
1184 (134)
1185 (216)
1188 (199)
1192 (136)
1196 (238)
1198 (455)
1209 (238)
1214 (277)
1215 (119)
1219 (114)
1227 (104)
1232 (185)
1233 (142)
1239 (405)
1246 (107)
1249 (161)
1257 (271)
1269 (194)
1275 (139)
1277 (282)
1280 (199)
1281 (213)
1282 (195)
1286 (114)
1290 (124)
1291 (190)
1294 (189)
1308 (247)
1309 (110)
1313 (279)
1315 (130)
1318 (160)
1327 (1266)
1332 (171)
1333 (217)
1342 (140)
1343 (153)
1344 (536)
1345 (164)
1354 (112)
1355 (370)
1360 (225)
1361 (275)
1368 (109)
1372 (185)
1376 (100)
1378 (182)
1379 (197)
1380 (143)
1387 (139)
1390 (142)
1393 (808)
1395 (174)
1396 (111)
1404 (329)
1408 (137)
1410 (104)
1415 (111)
1417 (386)
1425 (240)
1428 (128)
1430 (131)
1433 (129)
1435 (529)
1439 (108)
1440 (107)
1444 (238)
1459 (145)
1476 (168)
1479 (344)
1481 (279)
1486 (299)
1489 (209)
1497 (177)
1503 (107)
1513 (300)
1517 (120)
1527 (160)
1529 (234)
1536 (108)
1537 (138)
1538 (151)
1543 (306)
1547 (109)
1557 (304)
1562 (264)
1564 (211)
1568 (119)
1569 (101)
1578 (620)
1585 (297)
1588 (144)
1590 (207)
1591 (181)
1592 (144)
1593 (160)
1594 (163)
1595 (171)
1596 (111)
1598 (126)
1600 (564)
1602 (181)
1603 (119)
1609 (172)
1611 (109)
1612 (121)
1615 (133)
1616 (192)
1619 (258)
1624 (107)
1629 (182)
1638 (230)
1640 (123)
1642 (123)
1652 (157)
1655 (226)
1658 (103)
1659 (314)
1670 (116)
1677 (333)
1678 (153)
1693 (388)
1696 (139)
1697 (136)
1698 (207)
1702 (105)
1704 (325)
1714 (363)
1715 (434)
1727 (110)
1736 (117)
1739 (132)
1741 (184)
1744 (155)
1763 (204)
1771 (144)
1772 (148)
1773 (148)
1776 (129)
1781 (118)
1783 (420)
1784 (166)
1786 (175)
1789 (142)
1791 (135)
1796 (152)
1804 (188)
1805 (122)
1808 (238)
1811 (133)
1814 (484)
1815 (152)
1818 (144)
1819 (166)
1821 (146)
1831 (164)
1837 (133)
1841 (101)
1842 (199)
1854 (108)
1855 (108)
1859 (280)
1867 (323)
1870 (103)
1872 (408)
1874 (116)
1877 (124)
1884 (130)
1896 (111)
1897 (170)
1899 (189)
1903 (188)
1905 (138)
1922 (115)
1924 (114)
1929 (149)
1930 (253)
1938 (181)
1939 (211)
1951 (126)
1956 (209)
1958 (101)
1962 (102)
1964 (160)
1966 (179)
1972 (137)
1973 (253)
1976 (195)
1981 (128)
1986 (435)
1987 (336)
1991 (221)
1994 (166)
1996 (167)
2002 (141)
2004 (127)
2011 (147)
2012 (104)
2015 (255)
2026 (121)
2034 (111)
2039 (100)
2046 (421)
2051 (323)
2052 (156)
2053 (183)
2054 (204)
2056 (306)
2058 (142)
2064 (122)
2065 (249)
2069 (112)
2075 (219)
2079 (105)
2080 (351)
2084 (115)
2091 (234)
2097 (158)
2103 (166)
2110 (105)
2113 (166)
2115 (256)
2117 (149)
2118 (366)
2119 (105)
2122 (123)
2129 (124)
2135 (318)
2147 (157)
2150 (143)
2164 (196)
2167 (183)
2168 (355)
2169 (105)
2177 (172)
2182 (127)
2184 (327)
2186 (170)
2187 (251)
2188 (178)
2191 (231)
2199 (420)
2201 (110)
2202 (110)
2208 (277)
2210 (124)
2212 (187)
2214 (106)
2215 (231)
2225 (177)
2238 (1196)
2239 (154)
2240 (136)
2241 (287)
2254 (246)
2259 (183)
2263 (138)
2269 (124)
2276 (175)
2283 (100)
2284 (370)
2286 (152)
2297 (110)
2299 (121)
2325 (235)
2326 (111)
2327 (106)
2329 (329)
2343 (302)
2344 (189)
2350 (166)
2351 (140)
2353 (270)
2364 (205)
2370 (186)
2375 (214)
2378 (129)
2383 (398)
2388 (203)
2389 (135)
2394 (155)
2399 (324)
2402 (110)
2406 (178)
2408 (115)
2413 (137)
2417 (126)
2420 (179)
2424 (121)
2425 (214)
2437 (414)
2440 (212)
2441 (168)
2464 (198)
2468 (242)
2469 (144)
2471 (118)
2476 (138)
2480 (138)
2492 (263)
2493 (132)
2495 (231)
2505 (298)
2506 (151)
2513 (102)
2514 (126)
2515 (282)
2519 (121)
2523 (282)
2524 (211)
2528 (181)
2537 (147)
2550 (100)
2552 (268)
2554 (141)
2559 (102)
2561 (172)
2569 (104)
2573 (184)
2596 (200)
2598 (106)
2599 (152)
2612 (100)
2621 (156)
2623 (101)
2624 (111)
2625 (200)
2626 (249)
2629 (214)
2630 (100)
2633 (229)
2634 (178)
2635 (202)
2639 (106)
2654 (127)
2663 (146)
2669 (129)
2673 (314)
2706 (160)
2708 (124)
2709 (101)
2720 (116)
2721 (123)
2723 (171)
2728 (167)
2741 (111)
2746 (159)
2749 (210)
2760 (102)
2763 (180)
2767 (118)
2769 (117)
2771 (109)
2775 (293)
2788 (148)
2792 (218)
2793 (132)
2800 (118)
2805 (148)
2810 (126)
2812 (130)
2815 (181)
2818 (102)
2820 (112)
2822 (135)
2830 (111)
2831 (101)
2840 (127)
2842 (130)
2843 (180)
2852 (110)
2853 (122)
2854 (116)
2855 (132)
2856 (188)
2861 (130)
2870 (117)
2874 (165)
2876 (117)
2878 (107)
2879 (333)
2880 (107)
2891 (150)
2894 (233)
2900 (105)
2907 (129)
2915 (185)
2919 (108)
2942 (114)
2958 (631)
2965 (199)
2966 (100)
2967 (117)
2983 (158)
2987 (310)
2988 (195)
2990 (162)
2991 (257)
2997 (193)
2998 (169)
3005 (133)
3006 (156)
3012 (176)
3021 (154)
3034 (101)
3047 (141)
3055 (142)
3067 (113)
3086 (122)
3102 (179)
3149 (164)
3151 (187)
3160 (195)
3161 (126)
3171 (107)
3185 (145)
3186 (150)
3189 (180)
3194 (189)
3202 (125)
3221 (159)
3236 (120)
3240 (118)
3270 (673)
3271 (115)
3272 (122)
3276 (139)
3279 (184)
3291 (176)
3292 (156)
3294 (209)
3297 (120)
3311 (152)
3312 (129)
3314 (123)
3315 (178)
3316 (214)
3317 (213)
3319 (140)
3321 (168)
3324 (140)
3336 (100)
3338 (106)
3343 (132)
3345 (116)
3354 (103)
3361 (298)
3402 (116)
3404 (167)
3405 (105)
3410 (101)
3412 (142)
3420 (122)
3434 (111)
3451 (178)
3458 (110)
3462 (186)
3465 (110)
3467 (120)
3476 (110)
3483 (102)
3502 (276)
3504 (142)
3510 (245)
3521 (108)
3535 (137)
3537 (143)
3539 (122)
3546 (108)
3551 (142)
3553 (161)
3573 (109)
3616 (470)
3635 (195)
3638 (140)
3642 (114)
3663 (100)
3664 (105)
3668 (209)
3676 (112)
3683 (173)
3693 (100)
3724 (169)
3735 (155)
3742 (109)
3756 (138)
3759 (219)
3762 (118)
3772 (100)
3774 (155)
3799 (290)
3808 (159)
3827 (228)
3840 (130)
3855 (116)
3867 (102)
3884 (114)
3896 (147)
3903 (113)
3904 (240)
3964 (224)
3966 (159)
3973 (120)
3988 (121)
4032 (107)
4057 (108)
4064 (109)
4070 (187)
4080 (120)
4105 (144)
4111 (135)
4113 (127)
4127 (133)
4141 (111)
4143 (138)
4144 (125)
4170 (165)
4201 (171)
4207 (206)
4209 (169)
4221 (107)
4226 (120)
4251 (135)
4270 (118)
4272 (100)
4278 (105)
4307 (175)
4310 (121)
4316 (169)
4336 (400)
4339 (180)
4340 (118)
4342 (130)
4344 (171)
4357 (128)
4358 (123)
4360 (123)
4386 (137)
4389 (113)
4393 (235)
4424 (115)
4433 (109)
4472 (126)
4486 (110)
4524 (231)
4546 (116)
4548 (114)
4552 (113)
4557 (102)
4630 (159)
4640 (107)
4642 (186)
4643 (127)
4650 (236)
4685 (185)
4698 (297)
4720 (158)
4744 (117)
4753 (115)
4771 (126)
4779 (203)
4801 (113)
4832 (104)
4843 (113)
4859 (128)
4883 (380)
4886 (110)
4891 (145)
4899 (198)
4913 (129)
4940 (165)
4945 (183)
4975 (150)
4994 (201)
5051 (248)
5074 (201)
5108 (146)
5124 (184)
5127 (128)
5152 (207)
5164 (106)
5178 (116)
5194 (101)
5248 (186)
5289 (129)
5323 (122)
5328 (107)
5339 (117)
5346 (119)
5358 (153)
5405 (195)
5489 (101)
5651 (132)
5728 (178)
5729 (202)
5767 (164)
5771 (109)
5782 (153)
5948 (102)
5968 (141)
5976 (123)
6082 (107)
6118 (146)
6128 (158)
6190 (123)
6266 (105)
6403 (122)
6404 (118)
6602 (135)
6630 (137)
7068 (106)
7205 (251)
7646 (113)
7895 (116)
7938 (117)
7975 (234)
8068 (194)
8691 (275)
8730 (144)
8867 (185)
8978 (422)
8985 (296)
9001 (154)
9095 (100)
9304 (165)
9501 (301)
9510 (101)
9555 (291)
9579 (195)
9617 (151)
9669 (156)
9843 (159)
10017 (101)
10074 (165)
10128 (121)
10419 (101)
10420 (198)
10423 (126)
10425 (101)
10441 (119)
10442 (233)
10444 (325)
10446 (427)
10448 (184)
10451 (203)
10453 (118)
10474 (144)
10481 (135)
10490 (242)
10491 (282)
10493 (139)
10513 (178)
10515 (635)
10525 (229)
10551 (202)
10555 (113)
10568 (181)
10598 (117)
10605 (187)
10611 (144)
10651 (116)
10653 (291)
10656 (265)
10818 (162)
10831 (100)
10939 (140)
10943 (217)
11039 (128)
11254 (133)
11560 (128)
11718 (103)
11747 (152)
11794 (146)
11840 (135)
12036 (105)
12473 (191)
12491 (115)
12677 (155)
12693 (111)
12921 (122)
12925 (1026)
12929 (503)
12933 (238)
12935 (263)
12943 (285)
12946 (380)
12951 (298)
12952 (119)
12959 (322)
12973 (113)
12981 (212)
12982 (234)
12996 (120)
13032 (221)
13041 (718)
13043 (151)
13049 (135)
13056 (133)
13060 (146)
13174 (233)
13182 (166)
13189 (280)
13300 (101)
13318 (101)
13334 (236)
13443 (271)
13556 (133)
14006 (101)
14098 (918)
14099 (287)
14386 (201)
14634 (129)
14804 (112)
14933 (342)
15033 (112)
15345 (169)
15578 (216)
15618 (439)
15798 (136)
15832 (801)
16010 (900)
16011 (459)
16155 (111)
16217 (847)
16430 (291)
16431 (236)
38 1727 (106)
39 289 (101)
39 5651 (102)
38 3005 (127)
39 11840 (102)
39 1537 (109)
39 1905 (101)
39 2476 (100)
48 1060 (103)
39 1060 (103)
48 2150 (102)
39 1592 (103)
48 939 (101)
39 2011 (105)
48 2788 (101)
38 2805 (145)
39 706 (110)
39 4975 (119)
39 151 (106)
39 639 (108)
39 1538 (106)
39 2599 (112)
1819 3311 (113)
39 583 (106)
48 5358 (100)
39 5358 (113)
39 9001 (108)
39 1744 (106)
48 2394 (108)
48 3735 (101)
48 3774 (105)
39 434 (102)
39 711 (116)
48 3292 (103)
39 9669 (102)
39 1652 (109)
39 596 (109)
48 925 (103)
39 925 (107)
39 1160 (103)
39 2097 (102)
48 2983 (100)
39 2983 (105)
39 4720 (110)
48 887 (111)
39 2746 (112)
48 3221 (105)
48 3808 (105)
39 3808 (101)
39 3966 (106)
39 9843 (101)
48 1527 (100)
39 1527 (113)
48 1593 (102)
39 1593 (102)
48 1964 (100)
39 1964 (101)
48 1071 (103)
48 1249 (104)
39 1594 (106)
48 282 (113)
39 282 (116)
48 442 (100)
48 1345 (105)
39 1345 (109)
38 1831 (158)
39 3149 (114)
48 5767 (102)
39 5767 (102)
48 399 (117)
39 399 (113)
48 447 (101)
39 447 (103)
48 486 (103)
48 493 (104)
39 493 (121)
795 1819 (108)
39 795 (100)
48 987 (104)
39 987 (107)
48 2874 (100)
39 2874 (101)
48 4940 (105)
39 4940 (102)
39 10074 (119)
39 708 (125)
39 759 (113)
48 926 (101)
39 926 (108)
48 1784 (102)
39 1784 (100)
39 1819 (102)
48 1994 (112)
48 2103 (106)
39 2103 (102)
48 2113 (113)
39 2113 (130)
48 2350 (109)
39 13182 (100)
48 911 (106)
39 911 (103)
48 1996 (112)
39 1996 (123)
39 2728 (100)
48 3404 (107)
39 3404 (100)
48 69 (107)
39 69 (107)
48 77 (108)
39 220 (115)
39 388 (105)
39 1476 (118)
48 2441 (102)
39 3321 (111)
39 350 (106)
48 491 (124)
39 491 (134)
48 1104 (105)
39 1104 (117)
48 2998 (113)
39 2998 (112)
39 4209 (101)
48 849 (100)
39 849 (103)
48 1012 (113)
39 2186 (106)
39 104 (108)
48 171 (109)
39 171 (117)
48 760 (107)
39 760 (108)
48 837 (101)
48 1332 (102)
48 1595 (103)
48 4201 (112)
39 4344 (121)
48 1072 (106)
39 1072 (117)
1609 14933 (107)
39 1609 (109)
48 2177 (102)
39 2177 (103)
48 205 (101)
39 205 (105)
39 256 (131)
48 285 (119)
39 651 (109)
39 1026 (111)
39 3683 (108)
48 344 (105)
48 550 (100)
39 550 (107)
48 1395 (104)
39 1395 (111)
48 1786 (107)
39 1786 (133)
48 2276 (104)
48 4307 (108)
39 4307 (104)
39 611 (103)
48 924 (119)
39 924 (105)
39 3012 (108)
48 3291 (108)
39 3291 (115)
39 1497 (100)
39 2225 (105)
39 189 (114)
48 565 (104)
39 565 (118)
48 767 (122)
39 767 (119)
48 2188 (102)
39 2188 (104)
39 2406 (106)
48 2634 (107)
39 2634 (105)
39 3315 (121)
48 3451 (104)
39 3451 (108)
48 5728 (114)
39 5728 (133)
48 10513 (105)
39 10513 (102)
48 167 (116)
39 167 (102)
308 1269 (101)
48 308 (103)
39 308 (114)
39 612 (101)
39 1085 (100)
48 1966 (103)
39 1966 (126)
48 2420 (106)
39 2420 (110)
39 3102 (107)
48 662 (109)
39 662 (110)
48 684 (108)
39 684 (109)
48 1096 (111)
39 1096 (111)
48 2763 (109)
39 2763 (112)
48 2843 (111)
39 2843 (102)
48 3189 (107)
48 4339 (106)
39 4339 (122)
48 347 (115)
39 347 (104)
48 1591 (114)
39 1591 (123)
48 1602 (117)
39 1602 (122)
39 1938 (115)
48 2528 (104)
39 2528 (115)
48 2815 (108)
48 10568 (111)
39 10568 (107)
1378 1379 (113)
309 1378 (110)
48 1378 (114)
39 1378 (117)
48 1629 (113)
39 1629 (103)
48 133 (118)
39 133 (114)
48 552 (125)
39 552 (113)
48 757 (110)
39 757 (130)
48 2053 (113)
39 2053 (102)
48 2167 (123)
39 2167 (125)
39 2259 (123)
48 4945 (125)
39 1143 (131)
48 1163 (125)
48 1183 (122)
39 1741 (128)
48 2573 (101)
39 2573 (119)
48 3279 (112)
39 3279 (122)
48 5124 (111)
39 5124 (102)
48 10448 (101)
39 10448 (106)
48 576 (123)
39 576 (121)
48 587 (117)
39 587 (107)
48 1232 (119)
39 1232 (101)
48 1372 (105)
39 1372 (111)
48 2915 (101)
39 2915 (112)
48 4685 (127)
39 4685 (114)
48 8867 (103)
39 8867 (109)
1 39 (115)
48 206 (112)
39 206 (114)
39 2370 (110)
48 3462 (106)
39 3462 (113)
39 5248 (121)
647 769 (109)
48 2212 (108)
39 2212 (111)
48 3151 (110)
39 3151 (109)
48 4070 (124)
39 4070 (124)
48 10605 (121)
39 10605 (136)
164 165 (113)
48 165 (134)
39 165 (108)
48 414 (100)
39 414 (134)
48 597 (118)
39 597 (157)
48 753 (113)
39 753 (113)
48 1014 (119)
39 1014 (113)
48 1804 (114)
39 1804 (123)
48 1903 (110)
39 1903 (102)
48 2856 (120)
39 2856 (125)
48 563 (112)
39 563 (108)
48 1294 (109)
39 1294 (113)
48 1899 (110)
39 1899 (129)
48 2344 (127)
39 2344 (119)
39 932 (118)
48 1001 (124)
39 1001 (104)
48 1010 (122)
39 1010 (138)
48 1291 (107)
39 1291 (120)
39 511 (106)
48 12473 (124)
39 12473 (122)
48 169 (111)
39 169 (124)
48 805 (121)
39 805 (135)
48 1616 (108)
39 1616 (118)
48 128 (123)
39 128 (102)
48 2997 (118)
39 2997 (115)
48 1013 (110)
39 1013 (124)
309 1269 (105)
48 1269 (110)
39 1269 (134)
48 8068 (112)
39 8068 (137)
48 82 (126)
39 82 (115)
39 673 (132)
48 1282 (118)
39 1282 (132)
48 1976 (130)
39 1976 (128)
39 2988 (111)
48 3160 (103)
39 3160 (116)
48 3635 (128)
39 3635 (118)
48 5405 (113)
39 5405 (115)
48 9579 (124)
39 9579 (128)
48 95 (115)
39 95 (137)
48 116 (115)
39 116 (126)
48 250 (127)
39 250 (106)
48 489 (119)
39 489 (114)
48 536 (123)
39 536 (121)
48 764 (111)
39 764 (141)
48 2164 (131)
39 2164 (125)
48 615 (117)
1080 1379 (101)
309 1379 (114)
48 1379 (112)
39 1379 (134)
48 234 (103)
39 234 (134)
48 492 (115)
39 492 (127)
48 1172 (120)
39 1172 (114)
48 2464 (127)
39 2464 (119)
48 4899 (100)
39 4899 (149)
48 10420 (123)
39 10420 (129)
38 1188 (186)
39 1188 (131)
48 1280 (114)
39 1280 (120)
48 1842 (115)
39 1842 (136)
48 2965 (128)
39 2965 (134)
48 2596 (112)
39 2596 (107)
48 2625 (112)
39 2625 (115)
48 4994 (115)
39 4994 (133)
48 5074 (122)
39 5074 (122)
39 14386 (116)
5 48 (110)
5 39 (112)
48 2635 (106)
39 2635 (122)
2238 5729 (101)
48 5729 (137)
39 5729 (151)
48 10551 (110)
39 10551 (119)
48 2388 (124)
39 2388 (162)
48 4779 (121)
39 4779 (105)
48 10451 (114)
39 10451 (108)
48 718 (116)
39 718 (124)
48 938 (120)
39 938 (117)
48 1763 (107)
39 1763 (109)
48 2054 (115)
39 2054 (134)
48 543 (120)
39 543 (118)
48 2364 (114)
39 2364 (110)
38 504 (172)
39 504 (135)
48 682 (134)
39 682 (130)
48 4207 (146)
39 4207 (124)
48 278 (119)
39 278 (113)
769 1034 (121)
39 1034 (101)
38 1590 (200)
39 1590 (141)
48 1698 (120)
39 1698 (116)
48 5152 (104)
39 5152 (132)
48 423 (120)
39 423 (121)
48 1489 (111)
39 1489 (140)
48 1956 (172)
39 1956 (141)
48 3294 (115)
39 3294 (139)
48 3668 (127)
39 3668 (133)
48 235 (123)
39 235 (134)
48 2749 (113)
39 2749 (134)
309 1080 (115)
48 1080 (117)
39 1080 (128)
48 1564 (138)
39 1564 (103)
48 1939 (126)
39 1939 (127)
48 2524 (149)
39 2524 (121)
48 66 (111)
39 66 (118)
48 907 (116)
39 907 (149)
48 2440 (131)
39 2440 (139)
48 12981 (116)
39 12981 (124)
48 320 (132)
39 320 (138)
48 346 (145)
39 346 (133)
48 412 (136)
39 412 (142)
48 927 (123)
39 927 (127)
48 1281 (117)
39 1281 (130)
48 3317 (119)
39 3317 (115)
48 166 (127)
39 166 (125)
48 534 (139)
39 534 (139)
48 697 (120)
39 697 (143)
48 2375 (130)
39 2375 (131)
48 2425 (109)
39 2425 (120)
48 2629 (130)
39 2629 (129)
48 3316 (113)
39 3316 (121)
48 213 (114)
39 213 (149)
48 309 (119)
39 309 (147)
48 1185 (129)
39 1185 (128)
48 15578 (126)
39 15578 (152)
48 168 (140)
39 168 (152)
48 989 (138)
39 989 (145)
48 1333 (113)
39 1333 (126)
48 10943 (140)
39 10943 (106)
48 2792 (164)
39 2792 (161)
48 342 (138)
39 342 (127)
48 622 (132)
39 622 (122)
48 2075 (127)
39 2075 (152)
48 3759 (131)
39 3759 (151)
48 652 (124)
39 652 (137)
39 227 (109)
39 1991 (167)
48 13032 (127)
39 13032 (124)
48 204 (137)
39 204 (133)
48 1081 (131)
39 1081 (139)
48 3964 (145)
39 3964 (157)
48 1360 (128)
39 1360 (139)
48 921 (134)
39 921 (135)
48 1655 (149)
39 1655 (138)
48 215 (148)
39 215 (153)
48 1027 (155)
39 1027 (142)
48 164 (154)
39 164 (124)
48 3827 (125)
39 3827 (158)
48 262 (140)
39 262 (136)
48 433 (122)
39 433 (139)
48 2633 (124)
39 2633 (127)
48 10525 (142)
39 10525 (130)
48 397 (161)
39 397 (154)
48 1638 (157)
39 1638 (154)
48 195 (126)
39 195 (139)
48 2191 (125)
39 2191 (131)
48 2215 (141)
39 2215 (120)
48 2495 (145)
39 2495 (144)
48 4524 (131)
39 4524 (132)
48 96 (130)
39 96 (147)
48 497 (115)
39 497 (143)
48 751 (141)
39 751 (130)
48 984 (142)
39 984 (154)
48 2894 (126)
39 2894 (128)
48 10442 (168)
39 10442 (139)
48 13174 (126)
39 13174 (139)
38 1529 (213)
48 1529 (103)
39 1529 (165)
48 2091 (134)
39 2091 (145)
48 7975 (142)
39 7975 (125)
48 12982 (128)
39 12982 (143)
48 75 (149)
39 75 (165)
48 2325 (149)
39 2325 (141)
48 4393 (127)
39 4393 (137)
48 4650 (131)
39 4650 (121)
48 13334 (138)
39 13334 (121)
16430 16431 (235)
48 16431 (127)
39 16431 (132)
48 1196 (139)
39 1196 (144)
48 1209 (152)
39 1209 (161)
48 1444 (151)
39 1444 (149)
48 1808 (141)
39 1808 (142)
48 12933 (143)
39 12933 (157)
15 48 (144)
15 39 (142)
48 610 (134)
39 610 (119)
48 993 (136)
39 993 (126)
48 1425 (122)
39 1425 (143)
38 3904 (235)
48 3904 (136)
39 3904 (194)
48 2468 (118)
39 2468 (159)
48 10490 (157)
39 10490 (147)
48 643 (155)
39 643 (151)
48 768 (104)
39 768 (129)
48 203 (150)
39 203 (151)
48 734 (220)
39 734 (171)
48 727 (161)
39 727 (157)
48 3510 (150)
39 3510 (159)
48 2254 (140)
39 2254 (158)
48 1308 (133)
39 1308 (131)
48 5051 (150)
39 5051 (139)
48 653 (143)
39 653 (144)
48 2065 (155)
39 2065 (173)
48 2626 (144)
39 2626 (140)
48 785 (129)
39 785 (141)
48 817 (138)
39 817 (121)
48 978 (128)
39 978 (186)
48 2187 (162)
39 2187 (146)
48 7205 (148)
39 7205 (141)
38 390 (240)
48 390 (140)
39 390 (170)
48 1930 (152)
39 1930 (159)
48 1973 (162)
39 1973 (130)
48 2015 (180)
39 2015 (153)
48 2115 (169)
39 2115 (151)
48 232 (152)
39 232 (142)
48 2991 (127)
39 2991 (159)
48 640 (170)
39 640 (163)
48 829 (149)
39 829 (153)
48 1619 (170)
39 1619 (181)
38 370 (250)
48 370 (139)
39 370 (171)
32 1046 (247)
48 1046 (133)
39 1046 (123)
48 903 (134)
39 903 (189)
48 2492 (162)
39 2492 (149)
48 12935 (201)
39 12935 (178)
48 424 (164)
39 424 (150)
38 840 (256)
48 840 (142)
39 840 (162)
48 1082 (142)
39 1082 (130)
48 1562 (146)
39 1562 (138)
48 730 (156)
39 730 (174)
48 10656 (158)
39 10656 (145)
48 2552 (165)
39 2552 (146)
48 2353 (154)
39 2353 (178)
48 1257 (173)
39 1257 (176)
48 13443 (143)
39 13443 (157)
48 176 (152)
39 176 (141)
48 341 (164)
39 341 (153)
48 715 (187)
39 715 (156)
48 1361 (151)
39 1361 (185)
48 8691 (205)
39 8691 (186)
48 3502 (160)
39 3502 (179)
48 1214 (137)
39 1214 (159)
48 2208 (153)
39 2208 (163)
48 1313 (180)
39 1313 (183)
48 1481 (161)
39 1481 (184)
352 1859 (112)
41 1859 (112)
48 1859 (151)
39 1859 (160)
48 13189 (149)
39 13189 (167)
48 694 (154)
39 694 (181)
48 1277 (169)
39 1277 (163)
48 2515 (164)
39 2515 (146)
48 2523 (180)
39 2523 (164)
48 10491 (163)
39 10491 (171)
48 1103 (174)
39 1103 (174)
48 365 (168)
39 365 (187)
48 1003 (177)
39 1003 (184)
48 1062 (154)
39 1062 (183)
12 48 (162)
12 39 (164)
48 12943 (139)
39 12943 (176)
48 514 (192)
39 514 (182)
48 2241 (192)
39 2241 (201)
48 14099 (171)
39 14099 (176)
48 842 (134)
39 842 (181)
48 1066 (175)
39 1066 (168)
48 1052 (193)
39 1052 (149)
48 3799 (182)
39 3799 (195)
48 9555 (163)
39 9555 (167)
48 10653 (175)
39 10653 (169)
48 16430 (156)
39 16430 (155)
48 246 (189)
39 246 (186)
48 1126 (172)
39 1126 (166)
48 1158 (156)
39 1158 (164)
48 415 (184)
39 415 (174)
48 830 (208)
39 830 (177)
48 2775 (176)
39 2775 (173)
48 8985 (159)
39 8985 (196)
48 1585 (197)
39 1585 (170)
48 4698 (192)
39 4698 (201)
48 248 (199)
39 248 (197)
2284 2505 (131)
48 2505 (174)
39 2505 (207)
48 3361 (171)
39 3361 (175)
48 12951 (162)
39 12951 (206)
48 1486 (200)
39 1486 (187)
48 1513 (180)
39 1513 (206)
48 9501 (160)
39 9501 (187)
48 1000 (157)
39 1000 (176)
48 2343 (174)
39 2343 (167)
41 352 (118)
48 352 (174)
39 352 (150)
48 1557 (193)
39 1557 (185)
48 351 (159)
39 351 (161)
48 547 (181)
39 547 (173)
48 1543 (180)
39 1543 (213)
48 2056 (189)
39 2056 (185)
48 319 (172)
39 319 (183)
41 384 (102)
48 384 (177)
39 384 (197)
48 1113 (173)
39 1113 (169)
48 591 (204)
39 591 (205)
48 432 (161)
39 432 (181)
48 2987 (200)
39 2987 (170)
48 490 (208)
39 490 (194)
38 47 (308)
47 48 (182)
39 47 (219)
48 1659 (177)
39 1659 (213)
48 2673 (220)
39 2673 (185)
48 979 (199)
39 979 (235)
48 178 (160)
39 178 (213)
41 1121 (107)
48 1121 (194)
39 1121 (203)
48 2135 (204)
39 2135 (221)
48 831 (216)
39 831 (222)
48 793 (200)
39 793 (204)
48 12959 (150)
39 12959 (182)
48 1867 (197)
39 1867 (188)
48 2051 (214)
39 2051 (213)
48 2399 (184)
39 2399 (190)
48 1704 (180)
39 1704 (202)
48 10444 (205)
39 10444 (204)
48 80 (195)
39 80 (224)
48 136 (206)
39 136 (210)
41 2184 (102)
48 2184 (199)
39 2184 (206)
38 281 (313)
48 281 (200)
39 281 (211)
48 1020 (189)
39 1020 (199)
48 1404 (196)
39 1404 (206)
48 2329 (222)
39 2329 (187)
48 345 (213)
39 345 (202)
48 1677 (221)
39 1677 (207)
48 2879 (193)
39 2879 (203)
48 1987 (209)
39 1987 (210)
48 798 (218)
39 798 (194)
48 418 (191)
39 418 (211)
48 808 (188)
39 808 (195)
48 14933 (202)
39 14933 (227)
48 1479 (199)
39 1479 (220)
48 408 (206)
39 408 (206)
41 790 (131)
38 790 (339)
48 790 (204)
39 790 (246)
48 52 (224)
39 52 (223)
48 910 (214)
39 910 (216)
48 2080 (204)
39 2080 (192)
48 571 (223)
39 571 (220)
41 208 (139)
48 208 (225)
39 208 (220)
41 2168 (105)
48 2168 (182)
39 2168 (210)
48 916 (216)
39 916 (235)
48 53 (227)
39 53 (249)
48 426 (238)
39 426 (246)
41 855 (105)
48 855 (213)
39 855 (225)
48 856 (197)
39 856 (209)
48 1714 (206)
39 1714 (240)
48 704 (216)
39 704 (192)
48 913 (212)
39 913 (230)
48 2118 (239)
39 2118 (207)
38 56 (356)
48 56 (212)
39 56 (253)
41 94 (111)
48 94 (203)
39 94 (216)
48 398 (229)
39 398 (230)
175 1355 (126)
41 1355 (104)
48 1355 (190)
39 1355 (234)
48 2284 (211)
39 2284 (252)
48 261 (230)
39 261 (253)
48 961 (235)
39 961 (230)
30 48 (215)
30 39 (244)
2 48 (186)
2 39 (211)
41 623 (100)
48 623 (218)
39 623 (221)
48 1043 (216)
39 1043 (234)
48 155 (215)
39 155 (235)
48 4883 (226)
39 4883 (229)
48 12946 (202)
39 12946 (240)
48 1417 (233)
39 1417 (232)
48 62 (220)
39 62 (186)
48 1693 (226)
39 1693 (253)
297 544 (105)
48 297 (235)
39 297 (262)
41 878 (102)
48 878 (210)
39 878 (238)
48 581 (245)
39 581 (256)
107 1067 (114)
32 1067 (101)
41 1067 (110)
48 1067 (247)
39 1067 (227)
48 2383 (240)
39 2383 (256)
48 4336 (223)
39 4336 (235)
48 675 (261)
39 675 (280)
48 1239 (247)
39 1239 (248)
41 1872 (114)
48 1872 (236)
39 1872 (238)
41 374 (115)
48 374 (233)
39 374 (256)
41 846 (132)
48 846 (200)
39 846 (225)
48 150 (240)
39 150 (239)
441 885 (101)
48 885 (224)
39 885 (256)
48 209 (212)
39 209 (220)
48 809 (254)
39 809 (272)
48 425 (281)
39 425 (267)
41 2437 (110)
48 2437 (255)
39 2437 (223)
32 789 (105)
41 789 (133)
48 789 (273)
39 789 (293)
48 947 (228)
39 947 (227)
41 1783 (110)
48 1783 (231)
39 1783 (258)
32 2199 (102)
48 2199 (275)
39 2199 (241)
48 2046 (204)
39 2046 (231)
8978 16010 (149)
41 8978 (197)
48 8978 (242)
39 8978 (305)
48 420 (229)
39 420 (248)
48 10446 (228)
39 10446 (249)
38 267 (110)
48 267 (276)
39 267 (300)
48 865 (267)
39 865 (271)
249 1144 (141)
48 1144 (249)
39 1144 (250)
32 251 (106)
48 251 (239)
39 251 (238)
32 1715 (119)
41 1715 (133)
48 1715 (264)
39 1715 (257)
48 1986 (258)
39 1986 (296)
41 15618 (131)
48 15618 (230)
39 15618 (244)
48 441 (240)
39 441 (279)
41 279 (123)
48 279 (273)
39 279 (284)
48 272 (263)
39 272 (308)
32 1135 (131)
41 1135 (112)
38 1135 (105)
48 1135 (376)
39 1135 (308)
32 1198 (101)
41 1198 (151)
48 1198 (253)
39 1198 (273)
41 105 (106)
38 105 (446)
48 105 (255)
39 105 (307)
41 340 (110)
48 340 (280)
39 340 (278)
16010 16011 (448)
32 16011 (103)
41 16011 (166)
48 16011 (256)
39 16011 (282)
32 186 (111)
41 186 (109)
48 186 (309)
39 186 (298)
41 407 (101)
48 407 (286)
39 407 (289)
1146 3616 (218)
32 3616 (116)
41 3616 (143)
38 3616 (103)
48 3616 (276)
39 3616 (307)
41 681 (116)
48 681 (261)
39 681 (289)
10 48 (285)
10 39 (311)
48 379 (251)
39 379 (307)
41 259 (110)
48 259 (260)
39 259 (254)
41 1814 (111)
48 1814 (314)
39 1814 (320)
41 396 (131)
48 396 (273)
39 396 (307)
41 260 (106)
38 260 (120)
48 260 (276)
39 260 (306)
32 269 (104)
41 269 (108)
48 269 (300)
39 269 (309)
11 41 (133)
11 48 (317)
11 39 (325)
41 464 (130)
48 464 (310)
39 464 (295)
41 535 (109)
48 535 (281)
39 535 (274)
41 55 (122)
38 55 (473)
48 55 (234)
39 55 (329)
32 12929 (112)
38 12929 (100)
48 12929 (289)
39 12929 (327)
32 488 (114)
48 488 (305)
39 488 (275)
32 449 (109)
41 449 (106)
48 449 (283)
39 449 (266)
32 772 (115)
41 772 (106)
48 772 (312)
39 772 (270)
175 806 (134)
41 806 (125)
38 806 (138)
48 806 (271)
39 806 (348)
41 1435 (100)
48 1435 (300)
39 1435 (316)
23 41 (130)
23 48 (293)
23 39 (359)
107 549 (126)
32 107 (109)
41 107 (119)
48 107 (322)
39 107 (283)
38 664 (131)
48 664 (273)
39 664 (344)
32 334 (102)
48 334 (299)
39 334 (340)
41 371 (124)
38 371 (524)
48 371 (268)
39 371 (368)
32 1344 (119)
41 1344 (185)
38 1344 (125)
48 1344 (304)
39 1344 (343)
32 103 (133)
41 103 (125)
38 103 (126)
48 103 (281)
39 103 (339)
48 703 (312)
39 703 (306)
32 812 (124)
41 812 (114)
48 812 (316)
39 812 (311)
41 766 (133)
48 766 (348)
39 766 (339)
32 570 (105)
41 570 (144)
38 570 (102)
48 570 (354)
39 570 (392)
117 976 (208)
32 976 (107)
41 976 (122)
48 976 (300)
39 976 (318)
41 156 (111)
38 156 (118)
48 156 (323)
39 156 (394)
32 229 (132)
41 229 (135)
38 229 (130)
48 229 (379)
39 229 (348)
32 1600 (116)
41 1600 (138)
48 1600 (317)
39 1600 (335)
41 544 (129)
48 544 (349)
39 544 (366)
548 549 (106)
32 549 (136)
41 549 (143)
48 549 (360)
39 549 (337)
32 389 (141)
41 389 (139)
38 389 (151)
48 389 (310)
39 389 (398)
18 32 (128)
18 41 (142)
18 38 (100)
18 48 (325)
18 39 (386)
32 649 (106)
41 649 (137)
38 649 (110)
48 649 (352)
39 649 (385)
32 76 (113)
41 76 (155)
48 76 (337)
39 76 (373)
32 1578 (121)
41 1578 (122)
38 1578 (126)
48 1578 (320)
39 1578 (400)
38 242 (139)
48 242 (269)
39 242 (384)
32 2958 (144)
41 2958 (154)
38 2958 (131)
48 2958 (541)
39 2958 (450)
41 45 (123)
38 45 (123)
45 48 (346)
39 45 (381)
32 956 (139)
41 956 (162)
38 956 (106)
48 956 (384)
39 956 (417)
405 10515 (215)
32 10515 (110)
41 10515 (114)
48 10515 (378)
39 10515 (382)
32 405 (118)
41 405 (104)
38 405 (100)
48 405 (380)
39 405 (366)
32 479 (120)
41 479 (143)
38 479 (100)
48 479 (361)
39 479 (405)
32 264 (105)
41 264 (154)
38 264 (189)
48 264 (374)
39 264 (437)
31 32 (136)
31 41 (149)
31 38 (118)
31 48 (346)
31 39 (381)
32 175 (138)
41 175 (203)
38 175 (188)
48 175 (335)
39 175 (431)
32 3270 (131)
41 3270 (138)
38 3270 (120)
48 3270 (425)
39 3270 (410)
32 783 (128)
41 783 (149)
48 783 (404)
39 783 (444)
19 32 (121)
19 41 (134)
19 48 (410)
19 39 (410)
32 522 (130)
41 522 (154)
48 522 (408)
39 522 (451)
147 179 (100)
32 179 (166)
41 179 (165)
38 179 (120)
48 179 (437)
39 179 (458)
32 117 (130)
41 117 (183)
48 117 (404)
39 117 (372)
32 258 (145)
41 258 (176)
38 258 (113)
48 258 (480)
39 258 (456)
32 13041 (154)
41 13041 (267)
38 13041 (126)
48 13041 (418)
39 13041 (469)
32 161 (134)
41 161 (152)
38 161 (145)
48 161 (383)
39 161 (447)
32 78 (156)
41 78 (136)
38 78 (143)
48 78 (581)
39 78 (544)
32 677 (190)
41 677 (145)
38 677 (117)
48 677 (443)
39 677 (429)
32 589 (159)
41 589 (158)
38 589 (119)
48 589 (436)
39 589 (489)
32 1004 (202)
41 1004 (135)
38 1004 (122)
48 1004 (429)
39 1004 (404)
32 37 (126)
37 41 (177)
37 38 (760)
37 48 (402)
37 39 (512)
32 49 (145)
41 49 (159)
38 49 (170)
48 49 (605)
39 49 (552)
65 201 (111)
32 201 (133)
41 201 (176)
38 201 (104)
48 201 (464)
39 201 (460)
32 286 (155)
41 286 (178)
38 286 (768)
48 286 (410)
39 286 (520)
32 548 (194)
41 548 (159)
38 548 (140)
48 548 (463)
39 548 (472)
32 15832 (161)
41 15832 (304)
38 15832 (109)
48 15832 (404)
39 15832 (508)
32 1393 (147)
41 1393 (146)
38 1393 (137)
48 1393 (448)
39 1393 (544)
32 301 (198)
41 301 (174)
48 301 (443)
39 301 (485)
237 249 (130)
32 249 (144)
41 249 (183)
38 249 (192)
48 249 (464)
39 249 (529)
32 740 (109)
41 740 (149)
38 740 (158)
48 740 (366)
39 740 (540)
32 824 (191)
41 824 (210)
38 824 (114)
48 824 (491)
39 824 (473)
32 592 (171)
41 592 (214)
38 592 (124)
48 592 (511)
39 592 (514)
32 16217 (147)
41 16217 (312)
38 16217 (144)
48 16217 (469)
39 16217 (535)
32 604 (167)
41 604 (203)
38 604 (141)
48 604 (505)
39 604 (568)
32 338 (159)
41 338 (180)
38 338 (132)
48 338 (558)
39 338 (523)
32 123 (189)
41 123 (164)
38 123 (133)
48 123 (539)
39 123 (501)
32 16010 (194)
41 16010 (319)
38 16010 (141)
48 16010 (503)
39 16010 (557)
32 14098 (160)
41 14098 (115)
38 14098 (131)
48 14098 (514)
39 14098 (580)
32 185 (194)
41 185 (209)
38 185 (142)
48 185 (569)
39 185 (570)
9 32 (171)
9 41 (217)
9 38 (131)
9 48 (570)
9 39 (605)
32 1146 (238)
41 1146 (370)
38 1146 (214)
48 1146 (571)
39 1146 (702)
32 12925 (169)
41 12925 (110)
38 12925 (201)
48 12925 (565)
39 12925 (663)
32 533 (201)
41 533 (242)
38 533 (174)
48 533 (602)
39 533 (638)
32 255 (237)
41 255 (234)
38 255 (186)
48 255 (747)
39 255 (755)
60 65 (114)
32 60 (177)
41 60 (192)
38 60 (139)
48 60 (575)
39 60 (701)
32 79 (268)
41 79 (347)
38 79 (218)
48 79 (619)
39 79 (785)
270 2238 (178)
270 271 (468)
225 270 (201)
32 270 (285)
41 270 (340)
38 270 (270)
48 270 (634)
39 270 (829)
271 2238 (188)
225 2238 (285)
32 2238 (252)
41 2238 (411)
38 2238 (277)
48 2238 (655)
39 2238 (907)
32 1327 (214)
41 1327 (318)
38 1327 (250)
48 1327 (686)
39 1327 (806)
65 147 (115)
32 147 (254)
41 147 (325)
38 147 (243)
48 147 (747)
39 147 (795)
101 413 (110)
65 413 (124)
32 413 (231)
41 413 (278)
38 413 (208)
48 413 (779)
39 413 (756)
32 438 (244)
41 438 (302)
38 438 (270)
48 438 (710)
39 438 (899)
225 271 (283)
65 271 (116)
32 271 (329)
41 271 (420)
38 271 (267)
48 271 (759)
39 271 (1017)
237 475 (127)
89 475 (113)
65 475 (117)
32 475 (314)
41 475 (410)
38 475 (285)
48 475 (1007)
39 475 (1049)
89 101 (133)
65 101 (172)
32 101 (283)
41 101 (341)
38 101 (259)
48 101 (895)
39 101 (968)
237 310 (143)
225 310 (115)
89 310 (162)
65 310 (153)
32 310 (369)
41 310 (490)
38 310 (299)
48 310 (1187)
39 310 (1272)
36 110 (134)
110 170 (107)
32 110 (280)
41 110 (452)
38 110 (1828)
48 110 (925)
39 110 (1178)
36 237 (114)
36 170 (150)
36 225 (109)
36 89 (113)
36 65 (117)
32 36 (350)
36 41 (513)
36 38 (1996)
36 48 (1006)
36 39 (1473)
170 237 (102)
225 237 (106)
89 237 (171)
65 237 (150)
32 237 (387)
41 237 (402)
38 237 (472)
48 237 (1195)
39 237 (1352)
89 170 (123)
32 170 (373)
41 170 (558)
38 170 (2094)
48 170 (1083)
39 170 (1426)
89 225 (123)
65 225 (141)
32 225 (468)
41 225 (625)
38 225 (480)
48 225 (1223)
39 225 (1641)
65 89 (222)
32 89 (489)
41 89 (539)
38 89 (553)
48 89 (1966)
39 89 (1955)
32 65 (538)
41 65 (673)
38 65 (453)
48 65 (1767)
39 65 (1957)
32 41 (2239)
32 38 (1936)
32 48 (5624)
32 39 (5940)
38 41 (2705)
41 48 (6343)
39 41 (8019)
38 48 (5533)
38 39 (7179)
39 48 (20392)
39 48 491 (106)
39 48 10605 (101)
39 48 597 (102)
38 39 1188 (119)
39 48 5729 (111)
39 48 2388 (108)
38 39 504 (116)
39 48 4207 (100)
38 39 1590 (136)
39 48 1956 (119)
39 48 2440 (100)
39 48 412 (105)
39 48 15578 (101)
39 48 168 (109)
39 48 989 (103)
39 48 2792 (131)
39 48 3759 (106)
39 48 3964 (110)
39 48 1655 (105)
39 48 215 (114)
39 48 1027 (108)
39 48 397 (121)
39 48 1638 (113)
39 48 2495 (105)
39 48 984 (107)
39 48 10442 (110)
38 39 1529 (148)
39 48 2091 (100)
39 48 75 (118)
39 48 2325 (101)
48 16430 16431 (126)
39 16430 16431 (131)
39 48 1196 (103)
39 48 1209 (120)
39 48 1444 (111)
39 48 1808 (105)
39 48 12933 (100)
15 39 48 (101)
38 48 3904 (132)
38 39 3904 (189)
39 48 3904 (123)
39 48 10490 (113)
39 48 643 (109)
39 48 203 (112)
39 48 734 (155)
39 48 727 (120)
39 48 3510 (104)
39 48 2254 (109)
39 48 2065 (114)
39 48 2626 (103)
39 48 978 (106)
39 48 2187 (105)
38 48 390 (132)
38 39 390 (160)
39 48 390 (109)
39 48 1930 (111)
39 48 2015 (121)
39 48 2115 (122)
39 48 640 (122)
39 48 829 (109)
39 48 1619 (129)
38 48 370 (136)
38 39 370 (165)
39 48 370 (101)
32 48 1046 (124)
32 39 1046 (117)
39 48 903 (107)
39 48 12935 (144)
39 48 424 (114)
38 48 840 (140)
38 39 840 (158)
39 48 840 (100)
39 48 730 (120)
39 48 10656 (106)
39 48 2552 (110)
39 48 2353 (116)
39 48 1257 (134)
39 48 176 (101)
39 48 341 (115)
39 48 715 (122)
39 48 1361 (103)
39 48 8691 (144)
39 48 3502 (123)
39 48 2208 (107)
39 48 1313 (130)
39 48 1481 (129)
39 48 13189 (112)
39 48 694 (116)
39 48 1277 (113)
39 48 2515 (105)
39 48 2523 (127)
39 48 10491 (125)
39 48 1103 (132)
39 48 365 (126)
39 48 1003 (126)
39 48 1062 (116)
12 39 48 (114)
39 48 514 (135)
39 48 2241 (146)
39 48 14099 (128)
39 48 842 (104)
39 48 1066 (120)
39 48 1052 (107)
39 48 3799 (141)
39 48 9555 (107)
39 48 10653 (115)
39 48 246 (130)
39 48 1126 (118)
39 48 1158 (103)
39 48 415 (131)
39 48 830 (135)
39 48 2775 (121)
39 48 8985 (121)
39 48 1585 (126)
39 48 4698 (147)
39 48 248 (139)
39 48 2505 (137)
39 48 3361 (125)
39 48 12951 (137)
39 48 1486 (135)
39 48 1513 (143)
39 48 9501 (113)
39 48 1000 (119)
39 48 2343 (107)
39 48 352 (104)
39 48 1557 (127)
39 48 547 (118)
39 48 1543 (144)
39 48 2056 (128)
39 48 319 (125)
39 48 384 (122)
39 48 1113 (119)
39 48 591 (150)
39 48 432 (114)
39 48 2987 (131)
39 48 490 (140)
38 47 48 (181)
38 39 47 (216)
39 47 48 (139)
39 48 1659 (137)
39 48 2673 (148)
39 48 979 (163)
39 48 178 (133)
39 48 1121 (136)
39 48 2135 (164)
39 48 831 (165)
39 48 793 (144)
39 48 1867 (133)
39 48 2051 (157)
39 48 2399 (129)
39 48 1704 (126)
39 48 10444 (148)
39 48 80 (150)
39 48 136 (153)
39 48 2184 (146)
38 48 281 (194)
38 39 281 (201)
39 48 281 (143)
39 48 1020 (127)
39 48 1404 (150)
39 48 2329 (152)
39 48 345 (145)
39 48 1677 (155)
39 48 2879 (140)
39 48 1987 (150)
39 48 798 (154)
39 48 418 (147)
39 48 808 (119)
39 48 14933 (152)
39 48 1479 (144)
39 48 408 (149)
38 41 790 (130)
39 41 790 (101)
38 48 790 (199)
38 39 790 (242)
39 48 790 (165)
39 48 52 (165)
39 48 910 (149)
39 48 2080 (129)
39 48 571 (168)
41 48 208 (101)
39 41 208 (111)
39 48 208 (153)
39 48 2168 (136)
39 48 916 (163)
39 48 53 (180)
39 48 426 (191)
39 48 855 (155)
39 48 856 (136)
39 48 1714 (146)
39 48 704 (134)
39 48 913 (157)
39 48 2118 (158)
38 48 56 (205)
38 39 56 (245)
39 48 56 (157)
39 48 94 (148)
39 48 398 (159)
39 48 1355 (142)
39 48 2284 (163)
39 48 261 (173)
39 48 961 (174)
30 39 48 (161)
2 39 48 (124)
39 48 623 (145)
39 48 1043 (161)
39 48 155 (144)
39 48 4883 (144)
39 48 12946 (148)
39 48 1417 (159)
39 48 62 (129)
39 48 1693 (165)
39 48 297 (170)
39 48 878 (157)
39 48 581 (183)
39 48 1067 (168)
39 48 2383 (180)
39 48 4336 (154)
39 48 675 (202)
39 48 1239 (167)
39 48 1872 (155)
39 48 374 (167)
39 41 846 (107)
39 48 846 (137)
39 48 150 (165)
39 48 885 (161)
39 48 209 (134)
39 48 809 (197)
39 48 425 (200)
39 48 2437 (161)
39 41 789 (112)
39 48 789 (213)
39 48 947 (147)
39 48 1783 (165)
39 48 2199 (187)
39 48 2046 (147)
39 8978 16010 (114)
41 48 8978 (133)
39 41 8978 (168)
39 48 8978 (200)
39 48 420 (160)
39 48 10446 (158)
39 48 267 (218)
39 48 865 (196)
39 48 1144 (180)
39 48 251 (153)
39 41 1715 (108)
39 48 1715 (178)
39 48 1986 (197)
39 48 15618 (156)
39 48 441 (175)
39 48 279 (197)
39 48 272 (190)
32 48 1135 (111)
41 48 1135 (101)
39 48 1135 (262)
41 48 1198 (101)
39 41 1198 (119)
39 48 1198 (182)
38 41 105 (103)
38 48 105 (252)
38 39 105 (302)
39 48 105 (196)
39 48 340 (191)
32 16010 16011 (100)
41 16010 16011 (161)
48 16010 16011 (248)
39 16010 16011 (277)
41 48 16011 (115)
39 41 16011 (134)
39 48 16011 (186)
39 48 186 (228)
39 48 407 (209)
48 1146 3616 (127)
39 1146 3616 (146)
39 41 3616 (108)
39 48 3616 (199)
39 48 681 (192)
10 39 48 (217)
39 48 379 (187)
39 48 259 (173)
39 48 1814 (232)
39 48 396 (194)
39 48 260 (197)
39 48 269 (217)
11 39 41 (112)
11 39 48 (235)
39 41 464 (100)
39 48 464 (208)
39 48 535 (184)
38 41 55 (119)
39 41 55 (105)
38 48 55 (224)
38 39 55 (306)
39 48 55 (178)
39 48 12929 (219)
39 48 488 (197)
39 48 449 (170)
39 48 772 (193)
39 48 806 (215)
39 48 1435 (211)
23 39 41 (109)
23 39 48 (222)
39 48 107 (215)
39 48 664 (210)
39 48 334 (221)
38 41 371 (123)
38 48 371 (264)
38 39 371 (363)
39 48 371 (210)
41 48 1344 (123)
39 41 1344 (155)
39 48 1344 (222)
39 48 103 (214)
39 48 703 (204)
39 48 812 (209)
39 41 766 (109)
39 48 766 (246)
41 48 570 (105)
39 41 570 (121)
39 48 570 (279)
48 117 976 (111)
39 117 976 (110)
39 48 976 (214)
39 48 156 (258)
41 48 229 (106)
39 41 229 (108)
38 48 229 (106)
39 48 229 (267)
39 41 1600 (104)
39 48 1600 (220)
39 41 544 (106)
39 48 544 (237)
39 41 549 (110)
39 48 549 (239)
39 41 389 (113)
38 39 389 (108)
39 48 389 (244)
18 39 41 (108)
18 39 48 (233)
39 41 649 (100)
39 48 649 (255)
41 48 76 (106)
39 41 76 (126)
39 48 76 (241)
39 48 1578 (232)
39 48 242 (198)
32 48 2958 (134)
41 48 2958 (142)
39 41 2958 (117)
38 48 2958 (112)
38 39 2958 (105)
39 48 2958 (386)
39 45 48 (250)
41 48 956 (115)
39 41 956 (125)
39 48 956 (289)
48 405 10515 (114)
39 405 10515 (123)
39 48 10515 (271)
39 48 405 (248)
39 41 479 (111)
39 48 479 (257)
41 48 264 (114)
39 41 264 (129)
38 48 264 (114)
38 39 264 (139)
39 48 264 (286)
31 39 41 (112)
31 39 48 (240)
41 48 175 (133)
39 41 175 (164)
38 39 175 (117)
39 48 175 (261)
41 48 3270 (101)
39 48 3270 (300)
41 48 783 (104)
39 41 783 (116)
39 48 783 (305)
19 41 48 (100)
19 39 41 (100)
19 39 48 (288)
41 48 522 (101)
39 41 522 (116)
39 48 522 (288)
32 48 179 (118)
32 39 179 (120)
41 48 179 (116)
39 41 179 (138)
39 48 179 (317)
41 48 117 (111)
39 41 117 (130)
39 48 117 (244)
32 48 258 (100)
32 39 258 (109)
41 48 258 (132)
39 41 258 (141)
39 48 258 (338)
32 48 13041 (104)
32 39 13041 (100)
41 48 13041 (190)
39 41 13041 (212)
39 48 13041 (305)
39 41 161 (125)
38 39 161 (107)
39 48 161 (265)
32 48 78 (126)
32 39 78 (108)
41 48 78 (116)
39 41 78 (111)
38 48 78 (113)
38 39 78 (118)
39 48 78 (431)
32 48 677 (129)
32 39 677 (112)
41 48 677 (102)
39 41 677 (112)
39 48 677 (302)
32 39 589 (105)
39 41 589 (118)
39 48 589 (311)
32 48 1004 (118)
32 39 1004 (117)
39 48 1004 (265)
32 37 38 (125)
37 38 41 (176)
37 41 48 (119)
37 39 41 (144)
37 38 48 (396)
37 38 39 (493)
37 39 48 (308)
32 48 49 (122)
32 39 49 (109)
41 48 49 (131)
39 41 49 (131)
38 48 49 (132)
38 39 49 (136)
39 48 49 (455)
41 48 201 (125)
39 41 201 (123)
39 48 201 (303)
32 38 286 (151)
32 39 286 (104)
38 41 286 (174)
41 48 286 (111)
39 41 286 (142)
38 48 286 (406)
38 39 286 (506)
39 48 286 (325)
32 48 548 (118)
32 39 548 (117)
41 48 548 (115)
39 41 548 (120)
39 48 548 (326)
32 39 15832 (106)
41 48 15832 (183)
39 41 15832 (232)
39 48 15832 (307)
32 39 1393 (105)
41 48 1393 (100)
39 41 1393 (127)
38 39 1393 (110)
39 48 1393 (334)
32 48 301 (134)
32 39 301 (126)
41 48 301 (112)
39 41 301 (130)
39 48 301 (322)
41 48 249 (125)
39 41 249 (150)
38 48 249 (113)
38 39 249 (145)
39 48 249 (355)
39 41 740 (118)
38 39 740 (117)
39 48 740 (282)
32 48 824 (123)
32 39 824 (101)
41 48 824 (148)
39 41 824 (155)
39 48 824 (322)
32 48 592 (109)
32 39 592 (124)
41 48 592 (147)
39 41 592 (175)
38 39 592 (100)
39 48 592 (365)
41 48 16217 (204)
39 41 16217 (243)
38 39 16217 (100)
39 48 16217 (340)
32 48 604 (108)
32 39 604 (112)
41 48 604 (144)
39 41 604 (174)
38 39 604 (113)
39 48 604 (398)
32 48 338 (117)
32 39 338 (102)
41 48 338 (124)
39 41 338 (132)
39 48 338 (371)
32 48 123 (114)
32 39 123 (111)
41 48 123 (113)
39 41 123 (123)
39 48 123 (349)
32 48 16010 (133)
32 39 16010 (124)
41 48 16010 (221)
39 41 16010 (250)
38 39 16010 (100)
39 48 16010 (361)
32 39 14098 (106)
38 39 14098 (103)
39 48 14098 (400)
32 48 185 (116)
32 39 185 (125)
41 48 185 (145)
39 41 185 (152)
38 39 185 (105)
39 48 185 (383)
9 32 48 (105)
9 32 39 (109)
9 41 48 (164)
9 39 41 (167)
9 38 39 (103)
9 39 48 (404)
32 41 1146 (102)
32 48 1146 (144)
32 39 1146 (151)
41 48 1146 (226)
39 41 1146 (286)
38 48 1146 (127)
38 39 1146 (167)
39 48 1146 (436)
32 48 12925 (105)
38 48 12925 (115)
38 39 12925 (157)
39 48 12925 (419)
32 48 533 (120)
32 39 533 (121)
41 48 533 (177)
39 41 533 (195)
38 48 533 (122)
38 39 533 (128)
39 48 533 (436)
32 48 255 (181)
32 39 255 (173)
41 48 255 (186)
39 41 255 (192)
38 48 255 (135)
38 39 255 (149)
39 48 255 (575)
32 48 60 (108)
32 39 60 (125)
41 48 60 (117)
39 41 60 (159)
38 39 60 (114)
39 48 60 (432)
32 48 79 (155)
32 39 79 (175)
41 48 79 (230)
39 41 79 (263)
38 48 79 (135)
38 39 79 (165)
39 48 79 (492)
39 270 2238 (132)
41 270 271 (147)
38 270 271 (103)
48 270 271 (240)
39 270 271 (338)
48 225 270 (114)
39 225 270 (164)
32 48 270 (175)
32 39 270 (178)
41 48 270 (200)
39 41 270 (272)
38 48 270 (164)
38 39 270 (194)
39 48 270 (492)
48 271 2238 (104)
39 271 2238 (147)
48 225 2238 (149)
39 225 2238 (222)
32 48 2238 (143)
32 39 2238 (179)
38 41 2238 (100)
41 48 2238 (264)
39 41 2238 (342)
38 48 2238 (166)
38 39 2238 (215)
39 48 2238 (543)
32 48 1327 (128)
32 39 1327 (137)
38 41 1327 (108)
41 48 1327 (210)
39 41 1327 (262)
38 48 1327 (146)
38 39 1327 (198)
39 48 1327 (504)
32 48 147 (159)
32 39 147 (175)
41 48 147 (204)
39 41 147 (244)
38 48 147 (155)
38 39 147 (185)
39 48 147 (523)
32 48 413 (158)
32 39 413 (146)
41 48 413 (197)
39 41 413 (211)
38 48 413 (144)
38 39 413 (155)
39 48 413 (529)
32 48 438 (162)
32 39 438 (171)
41 48 438 (200)
39 41 438 (266)
38 48 438 (148)
38 39 438 (190)
39 48 438 (549)
48 225 271 (155)
39 225 271 (220)
32 41 271 (110)
32 48 271 (182)
32 39 271 (215)
41 48 271 (249)
39 41 271 (328)
38 48 271 (160)
38 39 271 (198)
39 48 271 (579)
32 41 475 (108)
32 48 475 (215)
32 39 475 (229)
38 41 475 (101)
41 48 475 (307)
39 41 475 (345)
38 48 475 (209)
38 39 475 (219)
39 48 475 (765)
48 89 101 (105)
39 65 101 (100)
32 48 101 (177)
32 39 101 (185)
41 48 101 (231)
39 41 101 (262)
38 48 101 (167)
38 39 101 (187)
39 48 101 (651)
48 89 310 (138)
39 89 310 (140)
48 65 310 (112)
39 65 310 (112)
32 41 310 (126)
32 48 310 (274)
32 39 310 (260)
38 41 310 (119)
41 48 310 (382)
39 41 310 (424)
38 48 310 (212)
38 39 310 (231)
39 48 310 (947)
36 38 110 (131)
38 110 170 (107)
32 38 110 (276)
32 48 110 (167)
32 39 110 (184)
38 41 110 (445)
41 48 110 (291)
39 41 110 (352)
38 48 110 (910)
38 39 110 (1162)
39 48 110 (695)
36 38 237 (112)
36 38 170 (148)
36 39 170 (105)
36 38 225 (106)
36 38 89 (112)
36 38 65 (113)
32 36 38 (331)
32 36 48 (188)
32 36 39 (237)
36 38 41 (490)
36 41 48 (290)
36 39 41 (420)
36 38 48 (968)
36 38 39 (1404)
36 39 48 (793)
38 170 237 (100)
48 89 237 (127)
39 89 237 (140)
48 65 237 (108)
39 65 237 (108)
32 38 237 (101)
32 48 237 (259)
32 39 237 (248)
38 41 237 (146)
41 48 237 (246)
39 41 237 (325)
38 48 237 (284)
38 39 237 (359)
39 48 237 (879)
38 89 170 (121)
32 41 170 (106)
32 38 170 (367)
32 48 170 (217)
32 39 170 (234)
38 41 170 (551)
41 48 170 (340)
39 41 170 (434)
38 48 170 (1073)
38 39 170 (1403)
39 48 170 (835)
39 89 225 (102)
39 65 225 (105)
32 41 225 (140)
32 38 225 (118)
32 48 225 (264)
32 39 225 (329)
38 41 225 (160)
41 48 225 (381)
39 41 225 (516)
38 48 225 (277)
38 39 225 (375)
39 48 225 (980)
48 65 89 (174)
39 65 89 (157)
32 41 89 (129)
32 38 89 (106)
32 48 89 (388)
32 39 89 (360)
38 41 89 (154)
41 48 89 (454)
39 41 89 (455)
38 48 89 (416)
38 39 89 (417)
39 48 89 (1510)
32 41 65 (149)
32 48 65 (350)
32 39 65 (365)
38 41 65 (154)
41 48 65 (451)
39 41 65 (536)
38 48 65 (293)
38 39 65 (346)
39 48 65 (1274)
32 38 41 (547)
32 41 48 (1444)
32 39 41 (1649)
32 38 48 (1124)
32 38 39 (1266)
32 39 48 (3790)
38 41 48 (1658)
38 39 41 (2119)
39 41 48 (5181)
38 39 48 (4220)
38 39 48 3904 (119)
38 39 48 390 (102)
38 39 47 48 (138)
38 39 48 281 (137)
38 39 41 790 (100)
38 39 48 790 (162)
38 39 48 56 (153)
39 41 48 8978 (120)
38 39 48 105 (196)
41 48 16010 16011 (111)
39 41 16010 16011 (131)
39 48 16010 16011 (182)
38 39 41 55 (102)
38 39 48 55 (171)
38 39 48 371 (209)
39 41 48 1344 (108)
39 41 48 2958 (110)
39 41 48 175 (117)
39 41 48 179 (102)
39 41 48 258 (111)
39 41 48 13041 (155)
37 38 41 48 (119)
37 38 39 41 (143)
37 39 41 48 (103)
37 38 39 48 (303)
39 41 48 49 (109)
38 39 48 49 (110)
32 38 39 286 (103)
38 41 48 286 (109)
38 39 41 286 (138)
38 39 48 286 (321)
39 41 48 15832 (157)
39 41 48 249 (109)
38 39 48 249 (102)
39 41 48 824 (115)
39 41 48 592 (127)
39 41 48 16217 (170)
39 41 48 604 (129)
39 41 48 338 (100)
39 41 48 16010 (186)
39 41 48 185 (114)
9 39 41 48 (134)
39 41 48 1146 (186)
38 39 48 1146 (101)
39 41 48 533 (149)
38 39 48 533 (101)
32 39 48 255 (142)
39 41 48 255 (158)
38 39 48 255 (115)
39 41 48 60 (104)
32 39 48 79 (122)
39 41 48 79 (187)
38 39 48 79 (108)
39 41 270 271 (123)
39 48 270 271 (189)
39 48 225 270 (101)
32 39 48 270 (127)
39 41 48 270 (168)
38 39 48 270 (131)
39 48 225 2238 (135)
32 39 48 2238 (111)
39 41 48 2238 (231)
38 39 48 2238 (135)
39 41 48 1327 (179)
38 39 48 1327 (124)
32 39 48 147 (113)
39 41 48 147 (167)
38 39 48 147 (125)
32 39 48 413 (108)
39 41 48 413 (159)
38 39 48 413 (119)
32 39 48 438 (126)
39 41 48 438 (184)
38 39 48 438 (118)
39 48 225 271 (128)
32 39 48 271 (135)
39 41 48 271 (198)
38 39 48 271 (130)
32 39 48 475 (166)
39 41 48 475 (271)
38 39 48 475 (170)
32 39 48 101 (124)
39 41 48 101 (185)
38 39 48 101 (127)
39 48 89 310 (123)
32 41 48 310 (103)
32 39 41 310 (106)
32 39 48 310 (214)
38 39 41 310 (102)
39 41 48 310 (337)
38 39 48 310 (176)
32 38 48 110 (164)
32 38 39 110 (182)
32 39 48 110 (133)
38 41 48 110 (289)
38 39 41 110 (348)
39 41 48 110 (243)
38 39 48 110 (690)
36 38 39 170 (104)
32 36 38 48 (182)
32 36 38 39 (223)
32 36 39 48 (143)
36 38 41 48 (282)
36 38 39 41 (406)
36 39 41 48 (253)
36 38 39 48 (768)
39 48 89 237 (110)
32 39 48 237 (183)
38 39 41 237 (124)
39 41 48 237 (206)
38 39 48 237 (245)
32 38 41 170 (104)
32 38 48 170 (216)
32 38 39 170 (229)
32 39 48 170 (150)
38 41 48 170 (336)
38 39 41 170 (428)
39 41 48 170 (287)
38 39 48 170 (828)
32 39 41 225 (121)
32 39 48 225 (216)
38 41 48 225 (100)
38 39 41 225 (142)
39 41 48 225 (328)
38 39 48 225 (235)
39 48 65 89 (134)
32 41 48 89 (108)
32 39 41 89 (110)
32 39 48 89 (303)
38 41 48 89 (131)
38 39 41 89 (126)
39 41 48 89 (390)
38 39 48 89 (333)
32 41 48 65 (106)
32 39 41 65 (115)
32 39 48 65 (259)
38 41 48 65 (108)
38 39 41 65 (129)
39 41 48 65 (375)
38 39 48 65 (236)
32 38 41 48 (362)
32 38 39 41 (419)
32 39 41 48 (1144)
32 38 39 48 (850)
38 39 41 48 (1380)
37 38 39 41 48 (103)
32 38 39 48 110 (132)
38 39 41 48 110 (242)
32 36 38 39 48 (139)
36 38 39 41 48 (246)
32 38 39 48 170 (149)
38 39 41 48 170 (284)
38 39 41 48 89 (113)
32 38 39 41 48 (298)
