(59602)
2 (377)
5 (202)
9 (976)
10 (478)
11 (490)
12 (285)
15 (239)
18 (610)
19 (679)
23 (530)
30 (376)
31 (649)
32 (10414)
36 (2104)
37 (783)
38 (10844)
39 (34873)
41 (10460)
45 (634)
47 (314)
48 (29349)
49 (786)
52 (349)
53 (360)
55 (503)
56 (368)
60 (1058)
62 (387)
65 (3116)
66 (212)
75 (235)
76 (620)
78 (740)
79 (1122)
80 (326)
89 (2700)
94 (368)
96 (232)
101 (1544)
103 (538)
105 (456)
107 (530)
110 (1876)
117 (701)
123 (893)
136 (326)
147 (1267)
150 (411)
155 (380)
156 (562)
161 (721)
164 (228)
166 (214)
168 (217)
170 (2129)
175 (658)
176 (272)
178 (317)
179 (693)
185 (969)
186 (466)
195 (231)
201 (795)
203 (244)
204 (222)
208 (355)
209 (413)
213 (215)
215 (227)
225 (2269)
227 (221)
229 (562)
232 (257)
235 (210)
237 (2123)
242 (627)
246 (292)
248 (298)
249 (825)
251 (432)
255 (1050)
258 (704)
259 (480)
260 (489)
261 (371)
262 (229)
264 (647)
267 (429)
269 (489)
270 (1187)
271 (1475)
272 (452)
278 (207)
279 (449)
281 (328)
286 (796)
297 (389)
301 (823)
309 (215)
310 (1780)
319 (307)
320 (213)
334 (532)
338 (892)
340 (457)
341 (272)
342 (219)
345 (331)
346 (213)
351 (305)
352 (303)
365 (284)
370 (261)
371 (534)
374 (409)
379 (479)
384 (307)
389 (602)
390 (253)
396 (487)
397 (230)
398 (370)
405 (645)
407 (469)
408 (345)
412 (213)
413 (1292)
415 (293)
418 (339)
420 (423)
423 (208)
424 (264)
425 (414)
426 (360)
432 (310)
433 (229)
438 (1300)
441 (442)
449 (507)
464 (494)
475 (1520)
479 (645)
488 (506)
490 (312)
497 (232)
501 (208)
504 (206)
514 (286)
522 (690)
533 (1040)
534 (214)
535 (494)
543 (205)
544 (598)
547 (305)
548 (799)
549 (598)
570 (559)
571 (354)
581 (394)
589 (758)
591 (309)
592 (843)
604 (862)
610 (239)
622 (219)
623 (377)
640 (258)
643 (243)
649 (614)
652 (220)
653 (249)
664 (530)
675 (405)
677 (744)
681 (477)
682 (206)
694 (281)
697 (214)
703 (549)
704 (366)
715 (273)
718 (204)
727 (245)
730 (265)
734 (244)
740 (825)
751 (232)
766 (555)
768 (243)
769 (230)
772 (508)
783 (676)
785 (250)
789 (417)
790 (347)
793 (320)
798 (338)
806 (510)
808 (340)
809 (413)
812 (550)
817 (250)
824 (840)
829 (258)
830 (293)
831 (319)
840 (264)
842 (289)
846 (410)
855 (361)
856 (361)
865 (430)
878 (389)
885 (412)
903 (263)
907 (212)
910 (351)
913 (366)
916 (358)
921 (226)
927 (213)
938 (204)
947 (417)
956 (635)
961 (375)
976 (561)
978 (250)
979 (315)
984 (233)
989 (217)
993 (239)
1000 (302)
1003 (284)
1004 (767)
1020 (329)
1027 (227)
1034 (207)
1043 (379)
1046 (261)
1052 (290)
1062 (284)
1066 (289)
1067 (396)
1080 (211)
1081 (222)
1082 (264)
1103 (283)
1113 (307)
1121 (318)
1126 (292)
1135 (455)
1144 (430)
1146 (1021)
1158 (292)
1185 (216)
1196 (238)
1198 (455)
1209 (238)
1214 (277)
1239 (405)
1257 (271)
1277 (282)
1281 (213)
1308 (247)
1313 (279)
1327 (1266)
1333 (217)
1344 (536)
1355 (370)
1360 (225)
1361 (275)
1393 (808)
1404 (329)
1417 (386)
1425 (240)
1435 (529)
1444 (238)
1479 (344)
1481 (279)
1486 (299)
1489 (209)
1513 (300)
1529 (234)
1543 (306)
1557 (304)
1562 (264)
1564 (211)
1578 (620)
1585 (297)
1590 (207)
1600 (564)
1619 (258)
1638 (230)
1655 (226)
1659 (314)
1677 (333)
1693 (388)
1698 (207)
1704 (325)
1714 (363)
1715 (434)
1763 (204)
1783 (420)
1808 (238)
1814 (484)
1859 (280)
1867 (323)
1872 (408)
1930 (253)
1939 (211)
1956 (209)
1973 (253)
1986 (435)
1987 (336)
1991 (221)
2015 (255)
2046 (421)
2051 (323)
2054 (204)
2056 (306)
2065 (249)
2075 (219)
2080 (351)
2091 (234)
2115 (256)
2118 (366)
2135 (318)
2168 (355)
2184 (327)
2187 (251)
2191 (231)
2199 (420)
2208 (277)
2215 (231)
2238 (1196)
2241 (287)
2254 (246)
2284 (370)
2325 (235)
2329 (329)
2343 (302)
2353 (270)
2364 (205)
2375 (214)
2383 (398)
2388 (203)
2399 (324)
2425 (214)
2437 (414)
2440 (212)
2468 (242)
2492 (263)
2495 (231)
2505 (298)
2515 (282)
2523 (282)
2524 (211)
2552 (268)
2596 (200)
2625 (200)
2626 (249)
2629 (214)
2633 (229)
2635 (202)
2673 (314)
2749 (210)
2775 (293)
2792 (218)
2879 (333)
2894 (233)
2958 (631)
2987 (310)
2991 (257)
3270 (673)
3294 (209)
3316 (214)
3317 (213)
3361 (298)
3502 (276)
3510 (245)
3616 (470)
3668 (209)
3759 (219)
3799 (290)
3827 (228)
3904 (240)
3964 (224)
4207 (206)
4336 (400)
4393 (235)
4524 (231)
4650 (236)
4698 (297)
4779 (203)
4883 (380)
4994 (201)
5051 (248)
5074 (201)
5152 (207)
5729 (202)
7205 (251)
7975 (234)
8691 (275)
8978 (422)
8985 (296)
9501 (301)
9555 (291)
10442 (233)
10444 (325)
10446 (427)
10451 (203)
10490 (242)
10491 (282)
10515 (635)
10525 (229)
10551 (202)
10653 (291)
10656 (265)
10943 (217)
12925 (1026)
12929 (503)
12933 (238)
12935 (263)
12943 (285)
12946 (380)
12951 (298)
12959 (322)
12981 (212)
12982 (234)
13032 (221)
13041 (718)
13174 (233)
13189 (280)
13334 (236)
13443 (271)
14098 (918)
14099 (287)
14386 (201)
14933 (342)
15578 (216)
15618 (439)
15832 (801)
16010 (900)
16011 (459)
16217 (847)
16430 (291)
16431 (236)
38 1590 (200)
38 1529 (213)
16430 16431 (235)
38 3904 (235)
48 734 (220)
38 390 (240)
38 370 (250)
32 1046 (247)
48 12935 (201)
38 840 (256)
48 8691 (205)
39 2241 (201)
48 830 (208)
39 4698 (201)
39 2505 (207)
39 12951 (206)
48 1486 (200)
39 1513 (206)
39 1543 (213)
48 591 (204)
39 591 (205)
48 2987 (200)
48 490 (208)
38 47 (308)
39 47 (219)
39 1659 (213)
48 2673 (220)
39 979 (235)
39 178 (213)
39 1121 (203)
48 2135 (204)
39 2135 (221)
48 831 (216)
39 831 (222)
48 793 (200)
39 793 (204)
48 2051 (214)
39 2051 (213)
39 1704 (202)
48 10444 (205)
39 10444 (204)
39 80 (224)
48 136 (206)
39 136 (210)
39 2184 (206)
38 281 (313)
48 281 (200)
39 281 (211)
39 1404 (206)
48 2329 (222)
48 345 (213)
39 345 (202)
48 1677 (221)
39 1677 (207)
39 2879 (203)
48 1987 (209)
39 1987 (210)
48 798 (218)
39 418 (211)
48 14933 (202)
39 14933 (227)
39 1479 (220)
48 408 (206)
39 408 (206)
38 790 (339)
48 790 (204)
39 790 (246)
48 52 (224)
39 52 (223)
48 910 (214)
39 910 (216)
48 2080 (204)
48 571 (223)
39 571 (220)
48 208 (225)
39 208 (220)
39 2168 (210)
48 916 (216)
39 916 (235)
48 53 (227)
39 53 (249)
48 426 (238)
39 426 (246)
48 855 (213)
39 855 (225)
39 856 (209)
48 1714 (206)
39 1714 (240)
48 704 (216)
48 913 (212)
39 913 (230)
48 2118 (239)
39 2118 (207)
38 56 (356)
48 56 (212)
39 56 (253)
48 94 (203)
39 94 (216)
48 398 (229)
39 398 (230)
39 1355 (234)
48 2284 (211)
39 2284 (252)
48 261 (230)
39 261 (253)
48 961 (235)
39 961 (230)
30 48 (215)
30 39 (244)
2 39 (211)
48 623 (218)
39 623 (221)
48 1043 (216)
39 1043 (234)
48 155 (215)
39 155 (235)
48 4883 (226)
39 4883 (229)
48 12946 (202)
39 12946 (240)
48 1417 (233)
39 1417 (232)
48 62 (220)
48 1693 (226)
39 1693 (253)
48 297 (235)
39 297 (262)
48 878 (210)
39 878 (238)
48 581 (245)
39 581 (256)
48 1067 (247)
39 1067 (227)
48 2383 (240)
39 2383 (256)
48 4336 (223)
39 4336 (235)
48 675 (261)
39 675 (280)
48 1239 (247)
39 1239 (248)
48 1872 (236)
39 1872 (238)
48 374 (233)
39 374 (256)
48 846 (200)
39 846 (225)
48 150 (240)
39 150 (239)
48 885 (224)
39 885 (256)
48 209 (212)
39 209 (220)
48 809 (254)
39 809 (272)
48 425 (281)
39 425 (267)
48 2437 (255)
39 2437 (223)
48 789 (273)
39 789 (293)
48 947 (228)
39 947 (227)
48 1783 (231)
39 1783 (258)
48 2199 (275)
39 2199 (241)
48 2046 (204)
39 2046 (231)
48 8978 (242)
39 8978 (305)
48 420 (229)
39 420 (248)
48 10446 (228)
39 10446 (249)
48 267 (276)
39 267 (300)
48 865 (267)
39 865 (271)
48 1144 (249)
39 1144 (250)
48 251 (239)
39 251 (238)
48 1715 (264)
39 1715 (257)
48 1986 (258)
39 1986 (296)
48 15618 (230)
39 15618 (244)
48 441 (240)
39 441 (279)
48 279 (273)
39 279 (284)
48 272 (263)
39 272 (308)
48 1135 (376)
39 1135 (308)
48 1198 (253)
39 1198 (273)
38 105 (446)
48 105 (255)
39 105 (307)
48 340 (280)
39 340 (278)
16010 16011 (448)
48 16011 (256)
39 16011 (282)
48 186 (309)
39 186 (298)
48 407 (286)
39 407 (289)
1146 3616 (218)
48 3616 (276)
39 3616 (307)
48 681 (261)
39 681 (289)
10 48 (285)
10 39 (311)
48 379 (251)
39 379 (307)
48 259 (260)
39 259 (254)
48 1814 (314)
39 1814 (320)
48 396 (273)
39 396 (307)
48 260 (276)
39 260 (306)
48 269 (300)
39 269 (309)
11 48 (317)
11 39 (325)
48 464 (310)
39 464 (295)
48 535 (281)
39 535 (274)
38 55 (473)
48 55 (234)
39 55 (329)
48 12929 (289)
39 12929 (327)
48 488 (305)
39 488 (275)
48 449 (283)
39 449 (266)
48 772 (312)
39 772 (270)
48 806 (271)
39 806 (348)
48 1435 (300)
39 1435 (316)
23 48 (293)
23 39 (359)
48 107 (322)
39 107 (283)
48 664 (273)
39 664 (344)
48 334 (299)
39 334 (340)
38 371 (524)
48 371 (268)
39 371 (368)
48 1344 (304)
39 1344 (343)
48 103 (281)
39 103 (339)
48 703 (312)
39 703 (306)
48 812 (316)
39 812 (311)
48 766 (348)
39 766 (339)
48 570 (354)
39 570 (392)
117 976 (208)
48 976 (300)
39 976 (318)
48 156 (323)
39 156 (394)
48 229 (379)
39 229 (348)
48 1600 (317)
39 1600 (335)
48 544 (349)
39 544 (366)
48 549 (360)
39 549 (337)
48 389 (310)
39 389 (398)
18 48 (325)
18 39 (386)
48 649 (352)
39 649 (385)
48 76 (337)
39 76 (373)
48 1578 (320)
39 1578 (400)
48 242 (269)
39 242 (384)
48 2958 (541)
39 2958 (450)
45 48 (346)
39 45 (381)
48 956 (384)
39 956 (417)
405 10515 (215)
48 10515 (378)
39 10515 (382)
48 405 (380)
39 405 (366)
48 479 (361)
39 479 (405)
48 264 (374)
39 264 (437)
31 48 (346)
31 39 (381)
41 175 (203)
48 175 (335)
39 175 (431)
48 3270 (425)
39 3270 (410)
48 783 (404)
39 783 (444)
19 48 (410)
19 39 (410)
48 522 (408)
39 522 (451)
48 179 (437)
39 179 (458)
48 117 (404)
39 117 (372)
48 258 (480)
39 258 (456)
41 13041 (267)
48 13041 (418)
39 13041 (469)
48 161 (383)
39 161 (447)
48 78 (581)
39 78 (544)
48 677 (443)
39 677 (429)
48 589 (436)
39 589 (489)
32 1004 (202)
48 1004 (429)
39 1004 (404)
37 38 (760)
37 48 (402)
37 39 (512)
48 49 (605)
39 49 (552)
48 201 (464)
39 201 (460)
38 286 (768)
48 286 (410)
39 286 (520)
48 548 (463)
39 548 (472)
41 15832 (304)
48 15832 (404)
39 15832 (508)
48 1393 (448)
39 1393 (544)
48 301 (443)
39 301 (485)
48 249 (464)
39 249 (529)
48 740 (366)
39 740 (540)
41 824 (210)
48 824 (491)
39 824 (473)
41 592 (214)
48 592 (511)
39 592 (514)
41 16217 (312)
48 16217 (469)
39 16217 (535)
41 604 (203)
48 604 (505)
39 604 (568)
48 338 (558)
39 338 (523)
48 123 (539)
39 123 (501)
41 16010 (319)
48 16010 (503)
39 16010 (557)
48 14098 (514)
39 14098 (580)
41 185 (209)
48 185 (569)
39 185 (570)
9 41 (217)
9 48 (570)
9 39 (605)
32 1146 (238)
41 1146 (370)
38 1146 (214)
48 1146 (571)
39 1146 (702)
38 12925 (201)
48 12925 (565)
39 12925 (663)
32 533 (201)
41 533 (242)
48 533 (602)
39 533 (638)
32 255 (237)
41 255 (234)
48 255 (747)
39 255 (755)
48 60 (575)
39 60 (701)
32 79 (268)
41 79 (347)
38 79 (218)
48 79 (619)
39 79 (785)
270 271 (468)
225 270 (201)
32 270 (285)
41 270 (340)
38 270 (270)
48 270 (634)
39 270 (829)
225 2238 (285)
32 2238 (252)
41 2238 (411)
38 2238 (277)
48 2238 (655)
39 2238 (907)
32 1327 (214)
41 1327 (318)
38 1327 (250)
48 1327 (686)
39 1327 (806)
32 147 (254)
41 147 (325)
38 147 (243)
48 147 (747)
39 147 (795)
32 413 (231)
41 413 (278)
38 413 (208)
48 413 (779)
39 413 (756)
32 438 (244)
41 438 (302)
38 438 (270)
48 438 (710)
39 438 (899)
225 271 (283)
32 271 (329)
41 271 (420)
38 271 (267)
48 271 (759)
39 271 (1017)
32 475 (314)
41 475 (410)
38 475 (285)
48 475 (1007)
39 475 (1049)
32 101 (283)
41 101 (341)
38 101 (259)
48 101 (895)
39 101 (968)
32 310 (369)
41 310 (490)
38 310 (299)
48 310 (1187)
39 310 (1272)
32 110 (280)
41 110 (452)
38 110 (1828)
48 110 (925)
39 110 (1178)
32 36 (350)
36 41 (513)
36 38 (1996)
36 48 (1006)
36 39 (1473)
32 237 (387)
41 237 (402)
38 237 (472)
48 237 (1195)
39 237 (1352)
32 170 (373)
41 170 (558)
38 170 (2094)
48 170 (1083)
39 170 (1426)
32 225 (468)
41 225 (625)
38 225 (480)
48 225 (1223)
39 225 (1641)
65 89 (222)
32 89 (489)
41 89 (539)
38 89 (553)
48 89 (1966)
39 89 (1955)
32 65 (538)
41 65 (673)
38 65 (453)
48 65 (1767)
39 65 (1957)
32 41 (2239)
32 38 (1936)
32 48 (5624)
32 39 (5940)
38 41 (2705)
41 48 (6343)
39 41 (8019)
38 48 (5533)
38 39 (7179)
39 48 (20392)
38 39 47 (216)
38 39 281 (201)
38 39 790 (242)
38 48 56 (205)
38 39 56 (245)
39 48 675 (202)
39 48 425 (200)
39 48 789 (213)
39 48 8978 (200)
39 48 267 (218)
39 48 1135 (262)
38 48 105 (252)
38 39 105 (302)
48 16010 16011 (248)
39 16010 16011 (277)
39 48 186 (228)
39 48 407 (209)
10 39 48 (217)
39 48 1814 (232)
39 48 269 (217)
11 39 48 (235)
39 48 464 (208)
38 48 55 (224)
38 39 55 (306)
39 48 12929 (219)
39 48 806 (215)
39 48 1435 (211)
23 39 48 (222)
39 48 107 (215)
39 48 664 (210)
39 48 334 (221)
38 48 371 (264)
38 39 371 (363)
39 48 371 (210)
39 48 1344 (222)
39 48 103 (214)
39 48 703 (204)
39 48 812 (209)
39 48 766 (246)
39 48 570 (279)
39 48 976 (214)
39 48 156 (258)
39 48 229 (267)
39 48 1600 (220)
39 48 544 (237)
39 48 549 (239)
39 48 389 (244)
18 39 48 (233)
39 48 649 (255)
39 48 76 (241)
39 48 1578 (232)
39 48 2958 (386)
39 45 48 (250)
39 48 956 (289)
39 48 10515 (271)
39 48 405 (248)
39 48 479 (257)
39 48 264 (286)
31 39 48 (240)
39 48 175 (261)
39 48 3270 (300)
39 48 783 (305)
19 39 48 (288)
39 48 522 (288)
39 48 179 (317)
39 48 117 (244)
39 48 258 (338)
39 41 13041 (212)
39 48 13041 (305)
39 48 161 (265)
39 48 78 (431)
39 48 677 (302)
39 48 589 (311)
39 48 1004 (265)
37 38 48 (396)
37 38 39 (493)
37 39 48 (308)
39 48 49 (455)
39 48 201 (303)
38 48 286 (406)
38 39 286 (506)
39 48 286 (325)
39 48 548 (326)
39 41 15832 (232)
39 48 15832 (307)
39 48 1393 (334)
39 48 301 (322)
39 48 249 (355)
39 48 740 (282)
39 48 824 (322)
39 48 592 (365)
41 48 16217 (204)
39 41 16217 (243)
39 48 16217 (340)
39 48 604 (398)
39 48 338 (371)
39 48 123 (349)
41 48 16010 (221)
39 41 16010 (250)
39 48 16010 (361)
39 48 14098 (400)
39 48 185 (383)
9 39 48 (404)
41 48 1146 (226)
39 41 1146 (286)
39 48 1146 (436)
39 48 12925 (419)
39 48 533 (436)
39 48 255 (575)
39 48 60 (432)
41 48 79 (230)
39 41 79 (263)
39 48 79 (492)
48 270 271 (240)
39 270 271 (338)
41 48 270 (200)
39 41 270 (272)
39 48 270 (492)
39 225 2238 (222)
41 48 2238 (264)
39 41 2238 (342)
38 39 2238 (215)
39 48 2238 (543)
41 48 1327 (210)
39 41 1327 (262)
39 48 1327 (504)
41 48 147 (204)
39 41 147 (244)
39 48 147 (523)
39 41 413 (211)
39 48 413 (529)
41 48 438 (200)
39 41 438 (266)
39 48 438 (549)
39 225 271 (220)
32 39 271 (215)
41 48 271 (249)
39 41 271 (328)
39 48 271 (579)
32 48 475 (215)
32 39 475 (229)
41 48 475 (307)
39 41 475 (345)
38 48 475 (209)
38 39 475 (219)
39 48 475 (765)
41 48 101 (231)
39 41 101 (262)
39 48 101 (651)
32 48 310 (274)
32 39 310 (260)
41 48 310 (382)
39 41 310 (424)
38 48 310 (212)
38 39 310 (231)
39 48 310 (947)
32 38 110 (276)
38 41 110 (445)
41 48 110 (291)
39 41 110 (352)
38 48 110 (910)
38 39 110 (1162)
39 48 110 (695)
32 36 38 (331)
32 36 39 (237)
36 38 41 (490)
36 41 48 (290)
36 39 41 (420)
36 38 48 (968)
36 38 39 (1404)
36 39 48 (793)
32 48 237 (259)
32 39 237 (248)
41 48 237 (246)
39 41 237 (325)
38 48 237 (284)
38 39 237 (359)
39 48 237 (879)
32 38 170 (367)
32 48 170 (217)
32 39 170 (234)
38 41 170 (551)
41 48 170 (340)
39 41 170 (434)
38 48 170 (1073)
38 39 170 (1403)
39 48 170 (835)
32 48 225 (264)
32 39 225 (329)
41 48 225 (381)
39 41 225 (516)
38 48 225 (277)
38 39 225 (375)
39 48 225 (980)
32 48 89 (388)
32 39 89 (360)
41 48 89 (454)
39 41 89 (455)
38 48 89 (416)
38 39 89 (417)
39 48 89 (1510)
32 48 65 (350)
32 39 65 (365)
41 48 65 (451)
39 41 65 (536)
38 48 65 (293)
38 39 65 (346)
39 48 65 (1274)
32 38 41 (547)
32 41 48 (1444)
32 39 41 (1649)
32 38 48 (1124)
32 38 39 (1266)
32 39 48 (3790)
38 41 48 (1658)
38 39 41 (2119)
39 41 48 (5181)
38 39 48 (4220)
38 39 48 371 (209)
37 38 39 48 (303)
38 39 48 286 (321)
39 41 48 2238 (231)
39 41 48 475 (271)
32 39 48 310 (214)
39 41 48 310 (337)
38 41 48 110 (289)
38 39 41 110 (348)
39 41 48 110 (243)
38 39 48 110 (690)
32 36 38 39 (223)
36 38 41 48 (282)
36 38 39 41 (406)
36 39 41 48 (253)
36 38 39 48 (768)
39 41 48 237 (206)
38 39 48 237 (245)
32 38 48 170 (216)
32 38 39 170 (229)
38 41 48 170 (336)
38 39 41 170 (428)
39 41 48 170 (287)
38 39 48 170 (828)
32 39 48 225 (216)
39 41 48 225 (328)
38 39 48 225 (235)
32 39 48 89 (303)
39 41 48 89 (390)
38 39 48 89 (333)
32 39 48 65 (259)
39 41 48 65 (375)
38 39 48 65 (236)
32 38 41 48 (362)
32 38 39 41 (419)
32 39 41 48 (1144)
32 38 39 48 (850)
38 39 41 48 (1380)
38 39 41 48 110 (242)
36 38 39 41 48 (246)
38 39 41 48 170 (284)
32 38 39 41 48 (298)
