(59602)
2 (377)
9 (976)
10 (478)
11 (490)
12 (285)
18 (610)
19 (679)
23 (530)
30 (376)
31 (649)
32 (10414)
36 (2104)
37 (783)
38 (10844)
39 (34873)
41 (10460)
45 (634)
47 (314)
48 (29349)
49 (786)
52 (349)
53 (360)
55 (503)
56 (368)
60 (1058)
62 (387)
65 (3116)
76 (620)
78 (740)
79 (1122)
80 (326)
89 (2700)
94 (368)
101 (1544)
103 (538)
105 (456)
107 (530)
110 (1876)
117 (701)
123 (893)
136 (326)
147 (1267)
150 (411)
155 (380)
156 (562)
161 (721)
170 (2129)
175 (658)
176 (272)
178 (317)
179 (693)
185 (969)
186 (466)
201 (795)
208 (355)
209 (413)
225 (2269)
229 (562)
232 (257)
237 (2123)
242 (627)
246 (292)
248 (298)
249 (825)
251 (432)
255 (1050)
258 (704)
259 (480)
260 (489)
261 (371)
264 (647)
267 (429)
269 (489)
270 (1187)
271 (1475)
272 (452)
279 (449)
281 (328)
286 (796)
297 (389)
301 (823)
310 (1780)
319 (307)
334 (532)
338 (892)
340 (457)
341 (272)
345 (331)
351 (305)
352 (303)
365 (284)
370 (261)
371 (534)
374 (409)
379 (479)
384 (307)
389 (602)
390 (253)
396 (487)
398 (370)
405 (645)
407 (469)
408 (345)
413 (1292)
415 (293)
418 (339)
420 (423)
424 (264)
425 (414)
426 (360)
432 (310)
438 (1300)
441 (442)
449 (507)
464 (494)
475 (1520)
479 (645)
488 (506)
490 (312)
514 (286)
522 (690)
533 (1040)
535 (494)
544 (598)
547 (305)
548 (799)
549 (598)
570 (559)
571 (354)
581 (394)
589 (758)
591 (309)
592 (843)
604 (862)
623 (377)
640 (258)
649 (614)
664 (530)
675 (405)
677 (744)
681 (477)
694 (281)
703 (549)
704 (366)
715 (273)
730 (265)
740 (825)
766 (555)
772 (508)
783 (676)
785 (250)
789 (417)
790 (347)
793 (320)
798 (338)
806 (510)
808 (340)
809 (413)
812 (550)
817 (250)
824 (840)
829 (258)
830 (293)
831 (319)
840 (264)
842 (289)
846 (410)
855 (361)
856 (361)
865 (430)
878 (389)
885 (412)
903 (263)
910 (351)
913 (366)
916 (358)
947 (417)
956 (635)
961 (375)
976 (561)
978 (250)
979 (315)
1000 (302)
1003 (284)
1004 (767)
1020 (329)
1043 (379)
1046 (261)
1052 (290)
1062 (284)
1066 (289)
1067 (396)
1082 (264)
1103 (283)
1113 (307)
1121 (318)
1126 (292)
1135 (455)
1144 (430)
1146 (1021)
1158 (292)
1198 (455)
1214 (277)
1239 (405)
1257 (271)
1277 (282)
1313 (279)
1327 (1266)
1344 (536)
1355 (370)
1361 (275)
1393 (808)
1404 (329)
1417 (386)
1435 (529)
1479 (344)
1481 (279)
1486 (299)
1513 (300)
1543 (306)
1557 (304)
1562 (264)
1578 (620)
1585 (297)
1600 (564)
1619 (258)
1659 (314)
1677 (333)
1693 (388)
1704 (325)
1714 (363)
1715 (434)
1783 (420)
1814 (484)
1859 (280)
1867 (323)
1872 (408)
1930 (253)
1973 (253)
1986 (435)
1987 (336)
2015 (255)
2046 (421)
2051 (323)
2056 (306)
2080 (351)
2115 (256)
2118 (366)
2135 (318)
2168 (355)
2184 (327)
2187 (251)
2199 (420)
2208 (277)
2238 (1196)
2241 (287)
2284 (370)
2329 (329)
2343 (302)
2353 (270)
2383 (398)
2399 (324)
2437 (414)
2492 (263)
2505 (298)
2515 (282)
2523 (282)
2552 (268)
2673 (314)
2775 (293)
2879 (333)
2958 (631)
2987 (310)
2991 (257)
3270 (673)
3361 (298)
3502 (276)
3616 (470)
3799 (290)
4336 (400)
4698 (297)
4883 (380)
7205 (251)
8691 (275)
8978 (422)
8985 (296)
9501 (301)
9555 (291)
10444 (325)
10446 (427)
10491 (282)
10515 (635)
10653 (291)
10656 (265)
12925 (1026)
12929 (503)
12935 (263)
12943 (285)
12946 (380)
12951 (298)
12959 (322)
13041 (718)
13189 (280)
13443 (271)
14098 (918)
14099 (287)
14933 (342)
15618 (439)
15832 (801)
16010 (900)
16011 (459)
16217 (847)
16430 (291)
38 370 (250)
38 840 (256)
38 47 (308)
38 281 (313)
38 790 (339)
38 56 (356)
39 56 (253)
39 2284 (252)
39 261 (253)
39 1693 (253)
39 297 (262)
39 581 (256)
39 2383 (256)
48 675 (261)
39 675 (280)
39 374 (256)
39 885 (256)
48 809 (254)
39 809 (272)
48 425 (281)
39 425 (267)
48 2437 (255)
48 789 (273)
39 789 (293)
39 1783 (258)
48 2199 (275)
39 8978 (305)
48 267 (276)
39 267 (300)
48 865 (267)
39 865 (271)
39 1144 (250)
48 1715 (264)
39 1715 (257)
48 1986 (258)
39 1986 (296)
39 441 (279)
48 279 (273)
39 279 (284)
48 272 (263)
39 272 (308)
48 1135 (376)
39 1135 (308)
48 1198 (253)
39 1198 (273)
38 105 (446)
48 105 (255)
39 105 (307)
48 340 (280)
39 340 (278)
16010 16011 (448)
48 16011 (256)
39 16011 (282)
48 186 (309)
39 186 (298)
48 407 (286)
39 407 (289)
48 3616 (276)
39 3616 (307)
48 681 (261)
39 681 (289)
10 48 (285)
10 39 (311)
48 379 (251)
39 379 (307)
48 259 (260)
39 259 (254)
48 1814 (314)
39 1814 (320)
48 396 (273)
39 396 (307)
48 260 (276)
39 260 (306)
48 269 (300)
39 269 (309)
11 48 (317)
11 39 (325)
48 464 (310)
39 464 (295)
48 535 (281)
39 535 (274)
38 55 (473)
39 55 (329)
48 12929 (289)
39 12929 (327)
48 488 (305)
39 488 (275)
48 449 (283)
39 449 (266)
48 772 (312)
39 772 (270)
48 806 (271)
39 806 (348)
48 1435 (300)
39 1435 (316)
23 48 (293)
23 39 (359)
48 107 (322)
39 107 (283)
48 664 (273)
39 664 (344)
48 334 (299)
39 334 (340)
38 371 (524)
48 371 (268)
39 371 (368)
48 1344 (304)
39 1344 (343)
48 103 (281)
39 103 (339)
48 703 (312)
39 703 (306)
48 812 (316)
39 812 (311)
48 766 (348)
39 766 (339)
48 570 (354)
39 570 (392)
48 976 (300)
39 976 (318)
48 156 (323)
39 156 (394)
48 229 (379)
39 229 (348)
48 1600 (317)
39 1600 (335)
48 544 (349)
39 544 (366)
48 549 (360)
39 549 (337)
48 389 (310)
39 389 (398)
18 48 (325)
18 39 (386)
48 649 (352)
39 649 (385)
48 76 (337)
39 76 (373)
48 1578 (320)
39 1578 (400)
48 242 (269)
39 242 (384)
48 2958 (541)
39 2958 (450)
45 48 (346)
39 45 (381)
48 956 (384)
39 956 (417)
48 10515 (378)
39 10515 (382)
48 405 (380)
39 405 (366)
48 479 (361)
39 479 (405)
48 264 (374)
39 264 (437)
31 48 (346)
31 39 (381)
48 175 (335)
39 175 (431)
48 3270 (425)
39 3270 (410)
48 783 (404)
39 783 (444)
19 48 (410)
19 39 (410)
48 522 (408)
39 522 (451)
48 179 (437)
39 179 (458)
48 117 (404)
39 117 (372)
48 258 (480)
39 258 (456)
41 13041 (267)
48 13041 (418)
39 13041 (469)
48 161 (383)
39 161 (447)
48 78 (581)
39 78 (544)
48 677 (443)
39 677 (429)
48 589 (436)
39 589 (489)
48 1004 (429)
39 1004 (404)
37 38 (760)
37 48 (402)
37 39 (512)
48 49 (605)
39 49 (552)
48 201 (464)
39 201 (460)
38 286 (768)
48 286 (410)
39 286 (520)
48 548 (463)
39 548 (472)
41 15832 (304)
48 15832 (404)
39 15832 (508)
48 1393 (448)
39 1393 (544)
48 301 (443)
39 301 (485)
48 249 (464)
39 249 (529)
48 740 (366)
39 740 (540)
48 824 (491)
39 824 (473)
48 592 (511)
39 592 (514)
41 16217 (312)
48 16217 (469)
39 16217 (535)
48 604 (505)
39 604 (568)
48 338 (558)
39 338 (523)
48 123 (539)
39 123 (501)
41 16010 (319)
48 16010 (503)
39 16010 (557)
48 14098 (514)
39 14098 (580)
48 185 (569)
39 185 (570)
9 48 (570)
9 39 (605)
41 1146 (370)
48 1146 (571)
39 1146 (702)
48 12925 (565)
39 12925 (663)
48 533 (602)
39 533 (638)
48 255 (747)
39 255 (755)
48 60 (575)
39 60 (701)
32 79 (268)
41 79 (347)
48 79 (619)
39 79 (785)
270 271 (468)
32 270 (285)
41 270 (340)
38 270 (270)
48 270 (634)
39 270 (829)
225 2238 (285)
32 2238 (252)
41 2238 (411)
38 2238 (277)
48 2238 (655)
39 2238 (907)
41 1327 (318)
38 1327 (250)
48 1327 (686)
39 1327 (806)
32 147 (254)
41 147 (325)
48 147 (747)
39 147 (795)
41 413 (278)
48 413 (779)
39 413 (756)
41 438 (302)
38 438 (270)
48 438 (710)
39 438 (899)
225 271 (283)
32 271 (329)
41 271 (420)
38 271 (267)
48 271 (759)
39 271 (1017)
32 475 (314)
41 475 (410)
38 475 (285)
48 475 (1007)
39 475 (1049)
32 101 (283)
41 101 (341)
38 101 (259)
48 101 (895)
39 101 (968)
32 310 (369)
41 310 (490)
38 310 (299)
48 310 (1187)
39 310 (1272)
32 110 (280)
41 110 (452)
38 110 (1828)
48 110 (925)
39 110 (1178)
32 36 (350)
36 41 (513)
36 38 (1996)
36 48 (1006)
36 39 (1473)
32 237 (387)
41 237 (402)
38 237 (472)
48 237 (1195)
39 237 (1352)
32 170 (373)
41 170 (558)
38 170 (2094)
48 170 (1083)
39 170 (1426)
32 225 (468)
41 225 (625)
38 225 (480)
48 225 (1223)
39 225 (1641)
32 89 (489)
41 89 (539)
38 89 (553)
48 89 (1966)
39 89 (1955)
32 65 (538)
41 65 (673)
38 65 (453)
48 65 (1767)
39 65 (1957)
32 41 (2239)
32 38 (1936)
32 48 (5624)
32 39 (5940)
38 41 (2705)
41 48 (6343)
39 41 (8019)
38 48 (5533)
38 39 (7179)
39 48 (20392)
39 48 1135 (262)
38 48 105 (252)
38 39 105 (302)
39 16010 16011 (277)
38 39 55 (306)
38 48 371 (264)
38 39 371 (363)
39 48 570 (279)
39 48 156 (258)
39 48 229 (267)
39 48 649 (255)
39 48 2958 (386)
39 45 48 (250)
39 48 956 (289)
39 48 10515 (271)
39 48 479 (257)
39 48 264 (286)
39 48 175 (261)
39 48 3270 (300)
39 48 783 (305)
19 39 48 (288)
39 48 522 (288)
39 48 179 (317)
39 48 258 (338)
39 48 13041 (305)
39 48 161 (265)
39 48 78 (431)
39 48 677 (302)
39 48 589 (311)
39 48 1004 (265)
37 38 48 (396)
37 38 39 (493)
37 39 48 (308)
39 48 49 (455)
39 48 201 (303)
38 48 286 (406)
38 39 286 (506)
39 48 286 (325)
39 48 548 (326)
39 48 15832 (307)
39 48 1393 (334)
39 48 301 (322)
39 48 249 (355)
39 48 740 (282)
39 48 824 (322)
39 48 592 (365)
39 48 16217 (340)
39 48 604 (398)
39 48 338 (371)
39 48 123 (349)
39 41 16010 (250)
39 48 16010 (361)
39 48 14098 (400)
39 48 185 (383)
9 39 48 (404)
39 41 1146 (286)
39 48 1146 (436)
39 48 12925 (419)
39 48 533 (436)
39 48 255 (575)
39 48 60 (432)
39 41 79 (263)
39 48 79 (492)
39 270 271 (338)
39 41 270 (272)
39 48 270 (492)
41 48 2238 (264)
39 41 2238 (342)
39 48 2238 (543)
39 41 1327 (262)
39 48 1327 (504)
39 48 147 (523)
39 48 413 (529)
39 41 438 (266)
39 48 438 (549)
39 41 271 (328)
39 48 271 (579)
41 48 475 (307)
39 41 475 (345)
39 48 475 (765)
39 41 101 (262)
39 48 101 (651)
32 48 310 (274)
32 39 310 (260)
41 48 310 (382)
39 41 310 (424)
39 48 310 (947)
32 38 110 (276)
38 41 110 (445)
41 48 110 (291)
39 41 110 (352)
38 48 110 (910)
38 39 110 (1162)
39 48 110 (695)
32 36 38 (331)
36 38 41 (490)
36 41 48 (290)
36 39 41 (420)
36 38 48 (968)
36 38 39 (1404)
36 39 48 (793)
32 48 237 (259)
39 41 237 (325)
38 48 237 (284)
38 39 237 (359)
39 48 237 (879)
32 38 170 (367)
38 41 170 (551)
41 48 170 (340)
39 41 170 (434)
38 48 170 (1073)
38 39 170 (1403)
39 48 170 (835)
32 48 225 (264)
32 39 225 (329)
41 48 225 (381)
39 41 225 (516)
38 48 225 (277)
38 39 225 (375)
39 48 225 (980)
32 48 89 (388)
32 39 89 (360)
41 48 89 (454)
39 41 89 (455)
38 48 89 (416)
38 39 89 (417)
39 48 89 (1510)
32 48 65 (350)
32 39 65 (365)
41 48 65 (451)
39 41 65 (536)
38 48 65 (293)
38 39 65 (346)
39 48 65 (1274)
32 38 41 (547)
32 41 48 (1444)
32 39 41 (1649)
32 38 48 (1124)
32 38 39 (1266)
32 39 48 (3790)
38 41 48 (1658)
38 39 41 (2119)
39 41 48 (5181)
38 39 48 (4220)
37 38 39 48 (303)
38 39 48 286 (321)
39 41 48 475 (271)
39 41 48 310 (337)
38 41 48 110 (289)
38 39 41 110 (348)
38 39 48 110 (690)
36 38 41 48 (282)
36 38 39 41 (406)
36 39 41 48 (253)
36 38 39 48 (768)
38 41 48 170 (336)
38 39 41 170 (428)
39 41 48 170 (287)
38 39 48 170 (828)
39 41 48 225 (328)
32 39 48 89 (303)
39 41 48 89 (390)
38 39 48 89 (333)
32 39 48 65 (259)
39 41 48 65 (375)
32 38 41 48 (362)
32 38 39 41 (419)
32 39 41 48 (1144)
32 38 39 48 (850)
38 39 41 48 (1380)
38 39 41 48 170 (284)
32 38 39 41 48 (298)
