(59602)
2 (377)
9 (976)
10 (478)
11 (490)
18 (610)
19 (679)
23 (530)
30 (376)
31 (649)
32 (10414)
36 (2104)
37 (783)
38 (10844)
39 (34873)
41 (10460)
45 (634)
47 (314)
48 (29349)
49 (786)
52 (349)
53 (360)
55 (503)
56 (368)
60 (1058)
62 (387)
65 (3116)
76 (620)
78 (740)
79 (1122)
80 (326)
89 (2700)
94 (368)
101 (1544)
103 (538)
105 (456)
107 (530)
110 (1876)
117 (701)
123 (893)
136 (326)
147 (1267)
150 (411)
155 (380)
156 (562)
161 (721)
170 (2129)
175 (658)
178 (317)
179 (693)
185 (969)
186 (466)
201 (795)
208 (355)
209 (413)
225 (2269)
229 (562)
237 (2123)
242 (627)
249 (825)
251 (432)
255 (1050)
258 (704)
259 (480)
260 (489)
261 (371)
264 (647)
267 (429)
269 (489)
270 (1187)
271 (1475)
272 (452)
279 (449)
281 (328)
286 (796)
297 (389)
301 (823)
310 (1780)
319 (307)
334 (532)
338 (892)
340 (457)
345 (331)
351 (305)
352 (303)
371 (534)
374 (409)
379 (479)
384 (307)
389 (602)
396 (487)
398 (370)
405 (645)
407 (469)
408 (345)
413 (1292)
418 (339)
420 (423)
425 (414)
426 (360)
432 (310)
438 (1300)
441 (442)
449 (507)
464 (494)
475 (1520)
479 (645)
488 (506)
490 (312)
522 (690)
533 (1040)
535 (494)
544 (598)
547 (305)
548 (799)
549 (598)
570 (559)
571 (354)
581 (394)
589 (758)
591 (309)
592 (843)
604 (862)
623 (377)
649 (614)
664 (530)
675 (405)
677 (744)
681 (477)
703 (549)
704 (366)
740 (825)
766 (555)
772 (508)
783 (676)
789 (417)
790 (347)
793 (320)
798 (338)
806 (510)
808 (340)
809 (413)
812 (550)
824 (840)
831 (319)
846 (410)
855 (361)
856 (361)
865 (430)
878 (389)
885 (412)
910 (351)
913 (366)
916 (358)
947 (417)
956 (635)
961 (375)
976 (561)
979 (315)
1000 (302)
1004 (767)
1020 (329)
1043 (379)
1067 (396)
1113 (307)
1121 (318)
1135 (455)
1144 (430)
1146 (1021)
1198 (455)
1239 (405)
1327 (1266)
1344 (536)
1355 (370)
1393 (808)
1404 (329)
1417 (386)
1435 (529)
1479 (344)
1513 (300)
1543 (306)
1557 (304)
1578 (620)
1600 (564)
1659 (314)
1677 (333)
1693 (388)
1704 (325)
1714 (363)
1715 (434)
1783 (420)
1814 (484)
1867 (323)
1872 (408)
1986 (435)
1987 (336)
2046 (421)
2051 (323)
2056 (306)
2080 (351)
2118 (366)
2135 (318)
2168 (355)
2184 (327)
2199 (420)
2238 (1196)
2284 (370)
2329 (329)
2343 (302)
2383 (398)
2399 (324)
2437 (414)
2673 (314)
2879 (333)
2958 (631)
2987 (310)
3270 (673)
3616 (470)
4336 (400)
4883 (380)
8978 (422)
9501 (301)
10444 (325)
10446 (427)
10515 (635)
12925 (1026)
12929 (503)
12946 (380)
12959 (322)
13041 (718)
14098 (918)
14933 (342)
15618 (439)
15832 (801)
16010 (900)
16011 (459)
16217 (847)
38 47 (308)
38 281 (313)
38 790 (339)
38 56 (356)
39 8978 (305)
39 267 (300)
39 272 (308)
48 1135 (376)
39 1135 (308)
38 105 (446)
39 105 (307)
16010 16011 (448)
48 186 (309)
39 3616 (307)
10 39 (311)
39 379 (307)
48 1814 (314)
39 1814 (320)
39 396 (307)
39 260 (306)
48 269 (300)
39 269 (309)
11 48 (317)
11 39 (325)
48 464 (310)
38 55 (473)
39 55 (329)
39 12929 (327)
48 488 (305)
48 772 (312)
39 806 (348)
48 1435 (300)
39 1435 (316)
23 39 (359)
48 107 (322)
39 664 (344)
39 334 (340)
38 371 (524)
39 371 (368)
48 1344 (304)
39 1344 (343)
39 103 (339)
48 703 (312)
39 703 (306)
48 812 (316)
39 812 (311)
48 766 (348)
39 766 (339)
48 570 (354)
39 570 (392)
48 976 (300)
39 976 (318)
48 156 (323)
39 156 (394)
48 229 (379)
39 229 (348)
48 1600 (317)
39 1600 (335)
48 544 (349)
39 544 (366)
48 549 (360)
39 549 (337)
48 389 (310)
39 389 (398)
18 48 (325)
18 39 (386)
48 649 (352)
39 649 (385)
48 76 (337)
39 76 (373)
48 1578 (320)
39 1578 (400)
39 242 (384)
48 2958 (541)
39 2958 (450)
45 48 (346)
39 45 (381)
48 956 (384)
39 956 (417)
48 10515 (378)
39 10515 (382)
48 405 (380)
39 405 (366)
48 479 (361)
39 479 (405)
48 264 (374)
39 264 (437)
31 48 (346)
31 39 (381)
48 175 (335)
39 175 (431)
48 3270 (425)
39 3270 (410)
48 783 (404)
39 783 (444)
19 48 (410)
19 39 (410)
48 522 (408)
39 522 (451)
48 179 (437)
39 179 (458)
48 117 (404)
39 117 (372)
48 258 (480)
39 258 (456)
48 13041 (418)
39 13041 (469)
48 161 (383)
39 161 (447)
48 78 (581)
39 78 (544)
48 677 (443)
39 677 (429)
48 589 (436)
39 589 (489)
48 1004 (429)
39 1004 (404)
37 38 (760)
37 48 (402)
37 39 (512)
48 49 (605)
39 49 (552)
48 201 (464)
39 201 (460)
38 286 (768)
48 286 (410)
39 286 (520)
48 548 (463)
39 548 (472)
41 15832 (304)
48 15832 (404)
39 15832 (508)
48 1393 (448)
39 1393 (544)
48 301 (443)
39 301 (485)
48 249 (464)
39 249 (529)
48 740 (366)
39 740 (540)
48 824 (491)
39 824 (473)
48 592 (511)
39 592 (514)
41 16217 (312)
48 16217 (469)
39 16217 (535)
48 604 (505)
39 604 (568)
48 338 (558)
39 338 (523)
48 123 (539)
39 123 (501)
41 16010 (319)
48 16010 (503)
39 16010 (557)
48 14098 (514)
39 14098 (580)
48 185 (569)
39 185 (570)
9 48 (570)
9 39 (605)
41 1146 (370)
48 1146 (571)
39 1146 (702)
48 12925 (565)
39 12925 (663)
48 533 (602)
39 533 (638)
48 255 (747)
39 255 (755)
48 60 (575)
39 60 (701)
41 79 (347)
48 79 (619)
39 79 (785)
270 271 (468)
41 270 (340)
48 270 (634)
39 270 (829)
41 2238 (411)
48 2238 (655)
39 2238 (907)
41 1327 (318)
48 1327 (686)
39 1327 (806)
41 147 (325)
48 147 (747)
39 147 (795)
48 413 (779)
39 413 (756)
41 438 (302)
48 438 (710)
39 438 (899)
32 271 (329)
41 271 (420)
48 271 (759)
39 271 (1017)
32 475 (314)
41 475 (410)
48 475 (1007)
39 475 (1049)
41 101 (341)
48 101 (895)
39 101 (968)
32 310 (369)
41 310 (490)
48 310 (1187)
39 310 (1272)
41 110 (452)
38 110 (1828)
48 110 (925)
39 110 (1178)
32 36 (350)
36 41 (513)
36 38 (1996)
36 48 (1006)
36 39 (1473)
32 237 (387)
41 237 (402)
38 237 (472)
48 237 (1195)
39 237 (1352)
32 170 (373)
41 170 (558)
38 170 (2094)
48 170 (1083)
39 170 (1426)
32 225 (468)
41 225 (625)
38 225 (480)
48 225 (1223)
39 225 (1641)
32 89 (489)
41 89 (539)
38 89 (553)
48 89 (1966)
39 89 (1955)
32 65 (538)
41 65 (673)
38 65 (453)
48 65 (1767)
39 65 (1957)
32 41 (2239)
32 38 (1936)
32 48 (5624)
32 39 (5940)
38 41 (2705)
41 48 (6343)
39 41 (8019)
38 48 (5533)
38 39 (7179)
39 48 (20392)
38 39 105 (302)
38 39 55 (306)
38 39 371 (363)
39 48 2958 (386)
39 48 3270 (300)
39 48 783 (305)
39 48 179 (317)
39 48 258 (338)
39 48 13041 (305)
39 48 78 (431)
39 48 677 (302)
39 48 589 (311)
37 38 48 (396)
37 38 39 (493)
37 39 48 (308)
39 48 49 (455)
39 48 201 (303)
38 48 286 (406)
38 39 286 (506)
39 48 286 (325)
39 48 548 (326)
39 48 15832 (307)
39 48 1393 (334)
39 48 301 (322)
39 48 249 (355)
39 48 824 (322)
39 48 592 (365)
39 48 16217 (340)
39 48 604 (398)
39 48 338 (371)
39 48 123 (349)
39 48 16010 (361)
39 48 14098 (400)
39 48 185 (383)
9 39 48 (404)
39 48 1146 (436)
39 48 12925 (419)
39 48 533 (436)
39 48 255 (575)
39 48 60 (432)
39 48 79 (492)
39 270 271 (338)
39 48 270 (492)
39 41 2238 (342)
39 48 2238 (543)
39 48 1327 (504)
39 48 147 (523)
39 48 413 (529)
39 48 438 (549)
39 41 271 (328)
39 48 271 (579)
41 48 475 (307)
39 41 475 (345)
39 48 475 (765)
39 48 101 (651)
41 48 310 (382)
39 41 310 (424)
39 48 310 (947)
38 41 110 (445)
39 41 110 (352)
38 48 110 (910)
38 39 110 (1162)
39 48 110 (695)
32 36 38 (331)
36 38 41 (490)
36 39 41 (420)
36 38 48 (968)
36 38 39 (1404)
36 39 48 (793)
39 41 237 (325)
38 39 237 (359)
39 48 237 (879)
32 38 170 (367)
38 41 170 (551)
41 48 170 (340)
39 41 170 (434)
38 48 170 (1073)
38 39 170 (1403)
39 48 170 (835)
32 39 225 (329)
41 48 225 (381)
39 41 225 (516)
38 39 225 (375)
39 48 225 (980)
32 48 89 (388)
32 39 89 (360)
41 48 89 (454)
39 41 89 (455)
38 48 89 (416)
38 39 89 (417)
39 48 89 (1510)
32 48 65 (350)
32 39 65 (365)
41 48 65 (451)
39 41 65 (536)
38 39 65 (346)
39 48 65 (1274)
32 38 41 (547)
32 41 48 (1444)
32 39 41 (1649)
32 38 48 (1124)
32 38 39 (1266)
32 39 48 (3790)
38 41 48 (1658)
38 39 41 (2119)
39 41 48 (5181)
38 39 48 (4220)
37 38 39 48 (303)
38 39 48 286 (321)
39 41 48 310 (337)
38 39 41 110 (348)
38 39 48 110 (690)
36 38 39 41 (406)
36 38 39 48 (768)
38 41 48 170 (336)
38 39 41 170 (428)
38 39 48 170 (828)
39 41 48 225 (328)
32 39 48 89 (303)
39 41 48 89 (390)
38 39 48 89 (333)
39 41 48 65 (375)
32 38 41 48 (362)
32 38 39 41 (419)
32 39 41 48 (1144)
32 38 39 48 (850)
38 39 41 48 (1380)
