(59602)
0 (117)
1 (186)
2 (377)
5 (202)
6 (113)
9 (976)
10 (478)
11 (490)
12 (285)
15 (239)
16 (83)
18 (610)
19 (679)
22 (142)
23 (530)
26 (104)
27 (115)
30 (376)
31 (649)
32 (10414)
36 (2104)
37 (783)
38 (10844)
39 (34873)
40 (143)
41 (10460)
43 (142)
44 (126)
45 (634)
47 (314)
48 (29349)
49 (786)
50 (170)
51 (132)
52 (349)
53 (360)
55 (503)
56 (368)
58 (113)
59 (140)
60 (1058)
61 (110)
62 (387)
64 (131)
65 (3116)
66 (212)
67 (127)
68 (140)
69 (168)
71 (100)
75 (235)
76 (620)
77 (168)
78 (740)
79 (1122)
80 (326)
82 (195)
83 (140)
85 (143)
88 (111)
89 (2700)
91 (94)
94 (368)
95 (196)
96 (232)
98 (163)
101 (1544)
102 (116)
103 (538)
104 (171)
105 (456)
107 (530)
108 (154)
110 (1876)
116 (196)
117 (701)
123 (893)
127 (149)
128 (193)
129 (127)
133 (183)
136 (326)
141 (156)
147 (1267)
150 (411)
151 (151)
152 (117)
153 (75)
155 (380)
156 (562)
159 (90)
161 (721)
163 (75)
164 (228)
165 (188)
166 (214)
167 (179)
168 (217)
169 (192)
170 (2129)
171 (171)
175 (658)
176 (272)
178 (317)
179 (693)
184 (131)
185 (969)
186 (466)
189 (178)
192 (120)
193 (150)
195 (231)
197 (151)
199 (153)
200 (168)
201 (795)
203 (244)
204 (222)
205 (173)
206 (186)
207 (131)
208 (355)
209 (413)
211 (145)
213 (215)
215 (227)
220 (168)
222 (154)
225 (2269)
227 (221)
228 (129)
229 (562)
232 (257)
234 (198)
235 (210)
236 (124)
237 (2123)
242 (627)
243 (140)
244 (180)
246 (292)
248 (298)
249 (825)
250 (196)
251 (432)
255 (1050)
256 (173)
258 (704)
259 (480)
260 (489)
261 (371)
262 (229)
264 (647)
265 (110)
266 (99)
267 (429)
269 (489)
270 (1187)
271 (1475)
272 (452)
274 (129)
275 (96)
276 (76)
278 (207)
279 (449)
280 (79)
281 (328)
282 (164)
284 (93)
285 (173)
286 (796)
288 (90)
289 (132)
291 (89)
297 (389)
301 (823)
308 (179)
309 (215)
310 (1780)
314 (136)
315 (95)
317 (88)
319 (307)
320 (213)
325 (143)
328 (118)
330 (78)
331 (146)
332 (76)
334 (532)
335 (77)
337 (149)
338 (892)
340 (457)
341 (272)
342 (219)
344 (174)
345 (331)
346 (213)
347 (181)
348 (90)
349 (75)
350 (169)
351 (305)
352 (303)
357 (107)
363 (87)
364 (117)
365 (284)
368 (130)
369 (75)
370 (261)
371 (534)
374 (409)
379 (479)
382 (145)
384 (307)
386 (77)
387 (81)
388 (168)
389 (602)
390 (253)
392 (167)
393 (108)
395 (81)
396 (487)
397 (230)
398 (370)
399 (165)
401 (88)
402 (151)
405 (645)
406 (147)
407 (469)
408 (345)
409 (76)
411 (84)
412 (213)
413 (1292)
414 (188)
415 (293)
418 (339)
420 (423)
421 (123)
422 (105)
423 (208)
424 (264)
425 (414)
426 (360)
432 (310)
433 (229)
434 (156)
435 (92)
438 (1300)
440 (158)
441 (442)
442 (164)
444 (118)
445 (123)
446 (81)
447 (165)
448 (83)
449 (507)
451 (81)
454 (102)
458 (96)
460 (117)
464 (494)
467 (114)
475 (1520)
476 (75)
478 (89)
479 (645)
485 (152)
486 (165)
488 (506)
489 (196)
490 (312)
491 (169)
492 (198)
493 (165)
495 (90)
497 (232)
499 (83)
500 (151)
501 (208)
504 (206)
511 (191)
514 (286)
516 (91)
518 (100)
521 (86)
522 (690)
525 (157)
526 (82)
527 (81)
529 (144)
533 (1040)
534 (214)
535 (494)
536 (196)
539 (79)
541 (117)
543 (205)
544 (598)
547 (305)
548 (799)
549 (598)
550 (174)
552 (183)
554 (80)
555 (147)
558 (149)
560 (177)
561 (81)
563 (189)
565 (178)
566 (145)
567 (104)
569 (84)
570 (559)
571 (354)
572 (126)
573 (133)
576 (185)
577 (81)
581 (394)
583 (153)
584 (149)
585 (83)
587 (185)
589 (758)
591 (309)
592 (843)
593 (129)
595 (88)
596 (158)
597 (188)
599 (172)
604 (862)
606 (166)
610 (239)
611 (176)
612 (179)
614 (87)
615 (197)
618 (94)
621 (131)
622 (219)
623 (377)
636 (137)
637 (99)
639 (151)
640 (258)
643 (243)
647 (187)
649 (614)
650 (156)
651 (173)
652 (220)
653 (249)
659 (76)
660 (166)
662 (180)
664 (530)
673 (195)
675 (405)
677 (744)
681 (477)
682 (206)
683 (126)
684 (180)
685 (75)
687 (80)
690 (98)
691 (112)
694 (281)
695 (141)
696 (112)
697 (214)
698 (134)
699 (113)
703 (549)
704 (366)
705 (85)
706 (150)
708 (166)
711 (156)
712 (104)
713 (146)
714 (93)
715 (273)
718 (204)
719 (84)
720 (89)
723 (82)
725 (101)
727 (245)
728 (76)
729 (108)
730 (265)
731 (128)
734 (244)
738 (81)
739 (146)
740 (825)
742 (79)
743 (84)
749 (181)
750 (114)
751 (232)
753 (188)
755 (134)
757 (183)
759 (166)
760 (171)
762 (95)
763 (131)
764 (196)
766 (555)
767 (178)
768 (243)
769 (230)
770 (113)
772 (508)
779 (82)
781 (130)
783 (676)
785 (250)
788 (98)
789 (417)
790 (347)
791 (117)
792 (93)
793 (320)
795 (165)
798 (338)
799 (89)
801 (108)
805 (192)
806 (510)
807 (132)
808 (340)
809 (413)
810 (84)
811 (85)
812 (550)
813 (136)
815 (91)
816 (80)
817 (250)
820 (85)
821 (90)
824 (840)
825 (94)
826 (92)
828 (136)
829 (258)
830 (293)
831 (319)
832 (81)
833 (99)
837 (171)
838 (90)
840 (264)
842 (289)
845 (97)
846 (410)
848 (121)
849 (170)
851 (162)
854 (113)
855 (361)
856 (361)
861 (144)
862 (85)
865 (430)
874 (129)
875 (81)
877 (122)
878 (389)
879 (77)
880 (155)
885 (412)
887 (159)
892 (115)
896 (158)
899 (117)
903 (263)
905 (106)
907 (212)
909 (113)
910 (351)
911 (167)
913 (366)
914 (105)
915 (98)
916 (358)
918 (86)
919 (100)
921 (226)
922 (87)
924 (176)
925 (158)
926 (166)
927 (213)
930 (84)
931 (84)
932 (190)
938 (204)
939 (147)
941 (99)
942 (102)
943 (100)
944 (98)
947 (417)
956 (635)
958 (105)
959 (99)
961 (375)
963 (112)
966 (137)
967 (82)
968 (143)
973 (131)
974 (111)
975 (81)
976 (561)
978 (250)
979 (315)
981 (132)
982 (82)
983 (103)
984 (233)
985 (81)
986 (113)
987 (165)
989 (217)
991 (122)
993 (239)
994 (76)
1000 (302)
1001 (190)
1003 (284)
1004 (767)
1008 (104)
1010 (190)
1012 (170)
1013 (194)
1014 (188)
1015 (105)
1016 (146)
1020 (329)
1023 (150)
1024 (101)
1025 (157)
1026 (173)
1027 (227)
1030 (87)
1031 (90)
1034 (207)
1035 (114)
1043 (379)
1046 (261)
1048 (91)
1052 (290)
1053 (91)
1054 (107)
1055 (137)
1056 (91)
1060 (143)
1062 (284)
1063 (127)
1066 (289)
1067 (396)
1071 (161)
1072 (172)
1080 (211)
1081 (222)
1082 (264)
1083 (87)
1085 (179)
1090 (96)
1094 (93)
1095 (77)
1096 (180)
1101 (90)
1103 (283)
1104 (169)
1105 (94)
1107 (94)
1113 (307)
1115 (134)
1120 (120)
1121 (318)
1123 (100)
1124 (110)
1126 (292)
1130 (127)
1135 (455)
1138 (80)
1139 (92)
1143 (184)
1144 (430)
1145 (103)
1146 (1021)
1158 (292)
1159 (140)
1160 (158)
1161 (161)
1163 (184)
1165 (105)
1166 (116)
1172 (198)
1173 (78)
1178 (117)
1180 (109)
1183 (184)
1184 (134)
1185 (216)
1188 (199)
1191 (90)
1192 (136)
1196 (238)
1198 (455)
1209 (238)
1210 (82)
1214 (277)
1215 (119)
1219 (114)
1227 (104)
1228 (87)
1232 (185)
1233 (142)
1237 (75)
1239 (405)
1244 (96)
1246 (107)
1249 (161)
1250 (79)
1257 (271)
1264 (93)
1269 (194)
1275 (139)
1277 (282)
1280 (199)
1281 (213)
1282 (195)
1286 (114)
1290 (124)
1291 (190)
1294 (189)
1297 (87)
1308 (247)
1309 (110)
1311 (96)
1313 (279)
1315 (130)
1316 (97)
1318 (160)
1319 (98)
1320 (77)
1327 (1266)
1329 (94)
1332 (171)
1333 (217)
1342 (140)
1343 (153)
1344 (536)
1345 (164)
1352 (92)
1353 (99)
1354 (112)
1355 (370)
1360 (225)
1361 (275)
1362 (83)
1368 (109)
1369 (76)
1371 (91)
1372 (185)
1376 (100)
1378 (182)
1379 (197)
1380 (143)
1384 (83)
1385 (89)
1387 (139)
1390 (142)
1392 (75)
1393 (808)
1395 (174)
1396 (111)
1404 (329)
1408 (137)
1410 (104)
1415 (111)
1417 (386)
1422 (88)
1425 (240)
1426 (95)
1428 (128)
1430 (131)
1433 (129)
1435 (529)
1439 (108)
1440 (107)
1444 (238)
1455 (95)
1456 (99)
1459 (145)
1473 (96)
1475 (79)
1476 (168)
1478 (76)
1479 (344)
1481 (279)
1486 (299)
1488 (76)
1489 (209)
1497 (177)
1498 (99)
1503 (107)
1513 (300)
1517 (120)
1527 (160)
1529 (234)
1530 (81)
1536 (108)
1537 (138)
1538 (151)
1540 (84)
1543 (306)
1547 (109)
1557 (304)
1561 (98)
1562 (264)
1564 (211)
1568 (119)
1569 (101)
1570 (90)
1576 (94)
1578 (620)
1579 (99)
1585 (297)
1587 (91)
1588 (144)
1590 (207)
1591 (181)
1592 (144)
1593 (160)
1594 (163)
1595 (171)
1596 (111)
1598 (126)
1600 (564)
1602 (181)
1603 (119)
1609 (172)
1611 (109)
1612 (121)
1613 (99)
1615 (133)
1616 (192)
1619 (258)
1624 (107)
1629 (182)
1634 (79)
1638 (230)
1640 (123)
1642 (123)
1652 (157)
1655 (226)
1656 (94)
1658 (103)
1659 (314)
1661 (89)
1670 (116)
1675 (91)
1677 (333)
1678 (153)
1679 (95)
1688 (80)
1693 (388)
1696 (139)
1697 (136)
1698 (207)
1702 (105)
1704 (325)
1709 (88)
1714 (363)
1715 (434)
1727 (110)
1736 (117)
1738 (89)
1739 (132)
1741 (184)
1744 (155)
1747 (88)
1755 (91)
1763 (204)
1765 (99)
1768 (95)
1771 (144)
1772 (148)
1773 (148)
1776 (129)
1781 (118)
1783 (420)
1784 (166)
1786 (175)
1789 (142)
1791 (135)
1795 (91)
1796 (152)
1804 (188)
1805 (122)
1807 (83)
1808 (238)
1809 (75)
1811 (133)
1814 (484)
1815 (152)
1818 (144)
1819 (166)
1821 (146)
1822 (86)
1824 (76)
1831 (164)
1833 (89)
1834 (75)
1837 (133)
1838 (83)
1841 (101)
1842 (199)
1846 (81)
1853 (90)
1854 (108)
1855 (108)
1859 (280)
1867 (323)
1868 (88)
1870 (103)
1872 (408)
1874 (116)
1877 (124)
1878 (75)
1884 (130)
1890 (95)
1896 (111)
1897 (170)
1899 (189)
1903 (188)
1905 (138)
1909 (81)
1910 (86)
1911 (79)
1915 (91)
1920 (98)
1922 (115)
1924 (114)
1929 (149)
1930 (253)
1938 (181)
1939 (211)
1951 (126)
1956 (209)
1958 (101)
1962 (102)
1964 (160)
1966 (179)
1971 (94)
1972 (137)
1973 (253)
1976 (195)
1980 (97)
1981 (128)
1986 (435)
1987 (336)
1990 (88)
1991 (221)
1994 (166)
1996 (167)
2002 (141)
2004 (127)
2011 (147)
2012 (104)
2015 (255)
2026 (121)
2033 (92)
2034 (111)
2039 (100)
2043 (76)
2046 (421)
2048 (96)
2049 (94)
2051 (323)
2052 (156)
2053 (183)
2054 (204)
2056 (306)
2058 (142)
2060 (81)
2061 (88)
2064 (122)
2065 (249)
2069 (112)
2075 (219)
2079 (105)
2080 (351)
2084 (115)
2091 (234)
2097 (158)
2103 (166)
2110 (105)
2113 (166)
2115 (256)
2117 (149)
2118 (366)
2119 (105)
2122 (123)
2126 (77)
2127 (90)
2129 (124)
2133 (76)
2135 (318)
2147 (157)
2150 (143)
2151 (85)
2154 (97)
2164 (196)
2166 (76)
2167 (183)
2168 (355)
2169 (105)
2170 (87)
2171 (81)
2177 (172)
2180 (80)
2182 (127)
2184 (327)
2186 (170)
2187 (251)
2188 (178)
2191 (231)
2199 (420)
2201 (110)
2202 (110)
2208 (277)
2210 (124)
2212 (187)
2214 (106)
2215 (231)
2223 (78)
2225 (177)
2233 (85)
2235 (85)
2236 (77)
2238 (1196)
2239 (154)
2240 (136)
2241 (287)
2242 (94)
2245 (80)
2250 (79)
2254 (246)
2259 (183)
2263 (138)
2267 (82)
2269 (124)
2271 (78)
2273 (76)
2276 (175)
2281 (82)
2283 (100)
2284 (370)
2286 (152)
2297 (110)
2299 (121)
2300 (84)
2310 (96)
2325 (235)
2326 (111)
2327 (106)
2329 (329)
2335 (87)
2337 (79)
2343 (302)
2344 (189)
2350 (166)
2351 (140)
2352 (81)
2353 (270)
2363 (96)
2364 (205)
2370 (186)
2375 (214)
2378 (129)
2383 (398)
2388 (203)
2389 (135)
2390 (77)
2393 (91)
2394 (155)
2395 (79)
2399 (324)
2402 (110)
2406 (178)
2408 (115)
2413 (137)
2417 (126)
2420 (179)
2424 (121)
2425 (214)
2430 (85)
2431 (95)
2436 (82)
2437 (414)
2440 (212)
2441 (168)
2449 (75)
2458 (96)
2464 (198)
2468 (242)
2469 (144)
2471 (118)
2476 (138)
2477 (87)
2480 (138)
2481 (79)
2492 (263)
2493 (132)
2495 (231)
2501 (85)
2505 (298)
2506 (151)
2513 (102)
2514 (126)
2515 (282)
2519 (121)
2521 (84)
2523 (282)
2524 (211)
2527 (97)
2528 (181)
2537 (147)
2541 (79)
2543 (92)
2544 (83)
2546 (79)
2550 (100)
2552 (268)
2554 (141)
2555 (78)
2557 (87)
2559 (102)
2561 (172)
2569 (104)
2573 (184)
2574 (98)
2588 (88)
2592 (87)
2593 (82)
2596 (200)
2598 (106)
2599 (152)
2612 (100)
2617 (78)
2621 (156)
2623 (101)
2624 (111)
2625 (200)
2626 (249)
2629 (214)
2630 (100)
2631 (77)
2633 (229)
2634 (178)
2635 (202)
2639 (106)
2649 (75)
2651 (82)
2654 (127)
2657 (75)
2661 (89)
2662 (86)
2663 (146)
2665 (85)
2669 (129)
2671 (83)
2673 (314)
2674 (95)
2692 (94)
2702 (90)
2706 (160)
2708 (124)
2709 (101)
2712 (80)
2715 (98)
2720 (116)
2721 (123)
2723 (171)
2726 (85)
2728 (167)
2741 (111)
2742 (91)
2746 (159)
2747 (79)
2749 (210)
2760 (102)
2763 (180)
2764 (87)
2767 (118)
2769 (117)
2771 (109)
2775 (293)
2783 (91)
2785 (97)
2786 (97)
2788 (148)
2792 (218)
2793 (132)
2800 (118)
2805 (148)
2808 (88)
2810 (126)
2812 (130)
2814 (97)
2815 (181)
2817 (75)
2818 (102)
2820 (112)
2822 (135)
2830 (111)
2831 (101)
2833 (77)
2837 (92)
2840 (127)
2842 (130)
2843 (180)
2851 (80)
2852 (110)
2853 (122)
2854 (116)
2855 (132)
2856 (188)
2861 (130)
2870 (117)
2874 (165)
2876 (117)
2878 (107)
2879 (333)
2880 (107)
2891 (150)
2892 (86)
2893 (76)
2894 (233)
2900 (105)
2907 (129)
2910 (77)
2915 (185)
2916 (91)
2919 (108)
2931 (83)
2933 (86)
2942 (114)
2951 (81)
2958 (631)
2962 (81)
2963 (86)
2965 (199)
2966 (100)
2967 (117)
2968 (84)
2976 (80)
2977 (76)
2982 (80)
2983 (158)
2987 (310)
2988 (195)
2990 (162)
2991 (257)
2994 (91)
2997 (193)
2998 (169)
3002 (79)
3005 (133)
3006 (156)
3012 (176)
3015 (78)
3019 (78)
3021 (154)
3028 (81)
3034 (101)
3035 (85)
3047 (141)
3055 (142)
3067 (113)
3074 (96)
3083 (80)
3086 (122)
3093 (76)
3099 (94)
3101 (80)
3102 (179)
3106 (90)
3136 (86)
3149 (164)
3151 (187)
3157 (86)
3160 (195)
3161 (126)
3171 (107)
3174 (93)
3185 (145)
3186 (150)
3189 (180)
3194 (189)
3202 (125)
3214 (97)
3221 (159)
3236 (120)
3240 (118)
3253 (84)
3270 (673)
3271 (115)
3272 (122)
3276 (139)
3278 (83)
3279 (184)
3291 (176)
3292 (156)
3294 (209)
3297 (120)
3307 (86)
3311 (152)
3312 (129)
3313 (93)
3314 (123)
3315 (178)
3316 (214)
3317 (213)
3319 (140)
3321 (168)
3323 (83)
3324 (140)
3333 (80)
3336 (100)
3338 (106)
3343 (132)
3345 (116)
3354 (103)
3361 (298)
3368 (79)
3370 (79)
3402 (116)
3404 (167)
3405 (105)
3409 (79)
3410 (101)
3411 (78)
3412 (142)
3420 (122)
3431 (80)
3434 (111)
3447 (95)
3451 (178)
3458 (110)
3462 (186)
3465 (110)
3467 (120)
3472 (97)
3476 (110)
3483 (102)
3487 (91)
3499 (97)
3502 (276)
3504 (142)
3505 (94)
3510 (245)
3521 (108)
3535 (137)
3537 (143)
3538 (77)
3539 (122)
3541 (75)
3546 (108)
3551 (142)
3553 (161)
3569 (98)
3573 (109)
3577 (97)
3596 (85)
3616 (470)
3633 (83)
3635 (195)
3638 (140)
3642 (114)
3644 (81)
3660 (85)
3662 (93)
3663 (100)
3664 (105)
3668 (209)
3673 (78)
3676 (112)
3682 (79)
3683 (173)
3693 (100)
3696 (82)
3714 (89)
3719 (75)
3724 (169)
3735 (155)
3742 (109)
3756 (138)
3759 (219)
3761 (82)
3762 (118)
3772 (100)
3774 (155)
3776 (99)
3793 (96)
3799 (290)
3806 (76)
3808 (159)
3827 (228)
3840 (130)
3855 (116)
3857 (95)
3867 (102)
3877 (77)
3884 (114)
3896 (147)
3903 (113)
3904 (240)
3912 (77)
3926 (99)
3964 (224)
3966 (159)
3973 (120)
3977 (81)
3988 (121)
4000 (88)
4017 (93)
4026 (99)
4032 (107)
4037 (85)
4048 (80)
4051 (75)
4056 (98)
4057 (108)
4061 (94)
4064 (109)
4067 (81)
4070 (187)
4080 (120)
4105 (144)
4111 (135)
4112 (83)
4113 (127)
4127 (133)
4141 (111)
4143 (138)
4144 (125)
4146 (84)
4164 (88)
4166 (96)
4170 (165)
4201 (171)
4207 (206)
4209 (169)
4214 (91)
4220 (92)
4221 (107)
4226 (120)
4251 (135)
4256 (77)
4258 (85)
4265 (80)
4267 (95)
4269 (92)
4270 (118)
4272 (100)
4278 (105)
4282 (93)
4294 (81)
4297 (98)
4305 (96)
4307 (175)
4310 (121)
4316 (169)
4336 (400)
4339 (180)
4340 (118)
4342 (130)
4344 (171)
4357 (128)
4358 (123)
4360 (123)
4363 (76)
4374 (93)
4377 (84)
4383 (98)
4386 (137)
4389 (113)
4392 (87)
4393 (235)
4424 (115)
4433 (109)
4444 (99)
4445 (81)
4472 (126)
4486 (110)
4488 (87)
4502 (75)
4513 (78)
4524 (231)
4546 (116)
4548 (114)
4552 (113)
4556 (92)
4557 (102)
4563 (94)
4567 (78)
4582 (75)
4589 (77)
4630 (159)
4640 (107)
4642 (186)
4643 (127)
4650 (236)
4655 (79)
4661 (77)
4685 (185)
4698 (297)
4703 (85)
4718 (81)
4720 (158)
4731 (96)
4744 (117)
4753 (115)
4761 (77)
4764 (80)
4771 (126)
4779 (203)
4801 (113)
4804 (75)
4813 (79)
4832 (104)
4841 (81)
4843 (113)
4859 (128)
4880 (83)
4883 (380)
4886 (110)
4891 (145)
4896 (97)
4899 (198)
4911 (94)
4913 (129)
4920 (84)
4940 (165)
4945 (183)
4969 (95)
4973 (75)
4974 (84)
4975 (150)
4990 (79)
4994 (201)
4996 (86)
5001 (78)
5048 (92)
5051 (248)
5074 (201)
5080 (98)
5108 (146)
5124 (184)
5127 (128)
5150 (78)
5152 (207)
5158 (83)
5160 (98)
5164 (106)
5169 (81)
5178 (116)
5194 (101)
5210 (77)
5248 (186)
5289 (129)
5315 (87)
5323 (122)
5328 (107)
5339 (117)
5346 (119)
5358 (153)
5405 (195)
5408 (80)
5465 (89)
5489 (101)
5502 (89)
5510 (88)
5570 (85)
5596 (88)
5651 (132)
5708 (78)
5712 (95)
5728 (178)
5729 (202)
5767 (164)
5771 (109)
5782 (153)
5830 (87)
5869 (75)
5931 (89)
5943 (79)
5948 (102)
5968 (141)
5976 (123)
6024 (75)
6082 (107)
6095 (85)
6118 (146)
6120 (83)
6128 (158)
6136 (90)
6190 (123)
6266 (105)
6343 (90)
6359 (86)
6387 (80)
6403 (122)
6404 (118)
6447 (81)
6461 (76)
6485 (77)
6508 (94)
6582 (75)
6602 (135)
6630 (137)
6716 (97)
7068 (106)
7129 (94)
7176 (86)
7205 (251)
7336 (80)
7472 (75)
7646 (113)
7687 (91)
7895 (116)
7938 (117)
7975 (234)
8031 (93)
8068 (194)
8411 (75)
8590 (81)
8620 (75)
8679 (79)
8691 (275)
8698 (84)
8730 (144)
8867 (185)
8978 (422)
8985 (296)
9001 (154)
9010 (87)
9095 (100)
9203 (83)
9304 (165)
9501 (301)
9510 (101)
9555 (291)
9579 (195)
9617 (151)
9669 (156)
9843 (159)
9887 (81)
10017 (101)
10074 (165)
10125 (79)
10128 (121)
10129 (84)
10132 (98)
10184 (92)
10419 (101)
10420 (198)
10423 (126)
10425 (101)
10440 (97)
10441 (119)
10442 (233)
10444 (325)
10446 (427)
10447 (93)
10448 (184)
10451 (203)
10453 (118)
10469 (75)
10470 (91)
10474 (144)
10480 (78)
10481 (135)
10484 (75)
10490 (242)
10491 (282)
10493 (139)
10498 (92)
10499 (87)
10510 (96)
10513 (178)
10515 (635)
10525 (229)
10526 (93)
10542 (81)
10543 (77)
10546 (92)
10551 (202)
10553 (76)
10555 (113)
10568 (181)
10571 (80)
10573 (97)
10579 (94)
10598 (117)
10605 (187)
10611 (144)
10648 (80)
10651 (116)
10653 (291)
10656 (265)
10681 (84)
10804 (92)
10815 (82)
10818 (162)
10821 (88)
10831 (100)
10860 (83)
10908 (93)
10910 (76)
10939 (140)
10943 (217)
11039 (128)
11114 (83)
11129 (83)
11254 (133)
11270 (92)
11397 (94)
11468 (81)
11560 (128)
11600 (80)
11615 (80)
11630 (85)
11692 (75)
11718 (103)
11747 (152)
11794 (146)
11840 (135)
12036 (105)
12308 (87)
12473 (191)
12491 (115)
12503 (98)
12508 (99)
12677 (155)
12693 (111)
12921 (122)
12923 (84)
12925 (1026)
12929 (503)
12932 (79)
12933 (238)
12935 (263)
12938 (76)
12943 (285)
12946 (380)
12951 (298)
12952 (119)
12959 (322)
12973 (113)
12981 (212)
12982 (234)
12984 (85)
12996 (120)
13017 (95)
13032 (221)
13041 (718)
13043 (151)
13049 (135)
13052 (80)
13056 (133)
13060 (146)
13062 (75)
13089 (96)
13122 (80)
13174 (233)
13182 (166)
13189 (280)
13203 (83)
13300 (101)
13318 (101)
13334 (236)
13413 (77)
13443 (271)
13464 (85)
13524 (90)
13556 (133)
14006 (101)
14040 (78)
14098 (918)
14099 (287)
14120 (76)
14386 (201)
14634 (129)
14804 (112)
14933 (342)
14953 (85)
15033 (112)
15036 (86)
15345 (169)
15578 (216)
15618 (439)
15659 (85)
15798 (136)
15832 (801)
15879 (83)
16010 (900)
16011 (459)
16155 (111)
16217 (847)
16430 (291)
16431 (236)
39 3857 (76)
39 1473 (83)
39 915 (77)
39 2039 (79)
39 3336 (76)
39 1024 (75)
39 1145 (80)
39 914 (83)
39 4278 (80)
39 905 (80)
39 5164 (77)
48 3171 (84)
48 4221 (81)
48 4640 (78)
39 4640 (76)
39 801 (81)
39 1547 (75)
39 2771 (77)
39 4433 (80)
48 61 (75)
39 61 (89)
38 1727 (106)
39 2402 (75)
48 2852 (75)
39 4886 (82)
48 974 (82)
39 974 (81)
39 1396 (75)
48 2624 (76)
39 2830 (87)
48 4141 (86)
6 39 (77)
48 770 (76)
39 3903 (85)
39 4801 (85)
48 10555 (82)
39 1219 (75)
48 1286 (80)
48 4548 (79)
39 4548 (76)
39 892 (79)
48 2408 (80)
39 2408 (82)
48 3271 (77)
39 12491 (77)
39 102 (79)
48 1166 (79)
39 1166 (87)
39 1670 (93)
48 2854 (82)
39 2854 (81)
48 3345 (75)
3402 3535 (81)
48 7895 (77)
0 39 (80)
39 152 (80)
48 460 (77)
39 791 (78)
39 899 (75)
39 2870 (81)
48 10598 (81)
39 10598 (82)
48 444 (83)
39 444 (75)
39 1781 (76)
39 2767 (78)
48 2800 (85)
39 2800 (75)
48 3240 (78)
39 3762 (77)
39 4270 (77)
48 10453 (76)
48 1215 (80)
39 1215 (85)
48 5346 (81)
48 10441 (83)
39 10441 (78)
48 192 (81)
39 192 (83)
48 1517 (78)
39 1517 (82)
39 3236 (77)
39 3973 (86)
39 12996 (84)
48 848 (82)
39 848 (83)
48 1612 (76)
39 1612 (80)
48 2026 (77)
39 3988 (80)
48 4310 (78)
39 10128 (80)
48 877 (78)
48 1805 (81)
39 1805 (83)
39 2064 (84)
39 2853 (81)
48 3086 (83)
39 3086 (78)
39 3272 (83)
39 3420 (77)
39 3539 (76)
39 5323 (85)
48 421 (81)
39 421 (75)
48 445 (86)
39 445 (84)
48 1640 (81)
39 1640 (81)
48 1642 (84)
39 1642 (86)
48 2122 (79)
39 2122 (77)
48 2721 (91)
48 3314 (77)
48 4360 (77)
39 5976 (80)
39 236 (89)
48 1290 (76)
39 1290 (78)
48 1877 (77)
39 1877 (93)
48 2129 (77)
39 2129 (82)
48 2210 (79)
39 2269 (86)
48 2708 (82)
39 2708 (89)
39 3202 (85)
39 4144 (77)
39 44 (75)
48 572 (80)
39 1598 (81)
39 1951 (79)
48 2514 (84)
39 2810 (83)
48 3161 (80)
48 4472 (87)
48 4771 (84)
39 4771 (88)
48 10423 (94)
39 10423 (80)
39 67 (76)
39 129 (78)
39 1063 (82)
48 1130 (81)
39 1130 (80)
48 2654 (85)
39 2840 (92)
48 4643 (78)
39 731 (75)
39 1428 (83)
39 1981 (83)
48 4357 (75)
48 4859 (79)
39 4859 (80)
48 5127 (93)
39 5127 (78)
48 11039 (89)
39 11039 (83)
39 11560 (83)
48 228 (84)
39 228 (77)
39 274 (87)
39 593 (83)
39 1433 (81)
48 2378 (87)
39 2378 (88)
39 2669 (76)
48 3312 (78)
39 3312 (77)
39 4913 (96)
48 5289 (78)
39 5289 (86)
48 14634 (82)
39 14634 (77)
39 781 (75)
48 1315 (79)
39 1315 (86)
39 1884 (77)
48 2812 (76)
39 2812 (92)
48 2842 (75)
39 2842 (79)
39 2861 (78)
48 3840 (80)
39 3840 (86)
48 4342 (81)
39 4342 (90)
48 64 (89)
39 64 (84)
48 621 (77)
48 763 (76)
39 763 (82)
48 973 (79)
39 1430 (80)
48 51 (90)
39 51 (88)
48 289 (88)
39 289 (101)
48 807 (78)
48 1739 (85)
48 2493 (88)
39 2493 (84)
48 2793 (75)
48 2855 (77)
39 2855 (82)
48 3343 (76)
48 5651 (84)
39 5651 (102)
48 573 (97)
39 573 (85)
48 1615 (78)
39 1615 (88)
48 1811 (80)
39 1811 (83)
39 1837 (82)
38 3005 (127)
39 3005 (95)
39 4127 (78)
39 11254 (87)
48 13056 (81)
39 13056 (80)
48 13556 (78)
39 13556 (90)
48 698 (82)
39 698 (91)
48 755 (91)
39 755 (80)
48 1115 (80)
39 1115 (86)
48 1184 (87)
39 1184 (99)
48 1791 (75)
39 1791 (89)
48 2389 (90)
39 2389 (81)
48 2822 (94)
39 2822 (85)
48 4111 (96)
39 4111 (81)
48 4251 (89)
48 6602 (83)
39 6602 (78)
48 10481 (85)
39 10481 (77)
39 11840 (102)
39 13049 (85)
39 314 (81)
39 813 (98)
48 828 (85)
39 828 (91)
48 1697 (79)
39 1697 (80)
48 2240 (80)
39 2240 (86)
48 15798 (84)
39 15798 (87)
48 636 (84)
39 636 (76)
48 966 (79)
39 966 (76)
48 1055 (76)
39 1055 (94)
48 1408 (79)
39 1408 (91)
48 1972 (77)
48 2413 (81)
39 2413 (83)
3535 3537 (87)
39 3535 (88)
48 4386 (76)
39 4386 (86)
39 6630 (85)
48 1537 (75)
39 1537 (109)
48 1905 (94)
39 1905 (101)
48 2263 (75)
39 2263 (84)
48 2476 (76)
39 2476 (100)
48 2480 (87)
39 2480 (99)
48 3756 (82)
48 4143 (92)
48 1275 (79)
39 1275 (89)
48 1387 (83)
39 1387 (82)
48 1696 (77)
39 1696 (77)
48 3276 (98)
39 3276 (97)
39 10493 (80)
48 59 (81)
48 68 (84)
39 68 (85)
48 83 (76)
39 83 (99)
48 243 (84)
39 243 (84)
48 1159 (82)
48 1342 (80)
39 1342 (94)
39 2351 (88)
48 3319 (78)
39 3319 (84)
39 3324 (89)
48 3638 (92)
39 3638 (83)
39 10939 (86)
39 695 (76)
48 2002 (85)
39 2002 (81)
39 2554 (90)
39 3047 (88)
48 5968 (94)
39 5968 (90)
43 48 (78)
39 43 (99)
48 1233 (79)
39 1233 (83)
48 1390 (75)
39 1390 (96)
48 1789 (94)
39 1789 (83)
48 2058 (90)
39 2058 (96)
48 3055 (83)
48 3412 (85)
39 3412 (83)
39 3504 (77)
48 3551 (78)
39 3551 (81)
39 40 (88)
48 85 (96)
39 85 (95)
39 325 (87)
48 968 (80)
39 968 (84)
48 1060 (103)
39 1060 (103)
1378 1380 (81)
1379 1380 (77)
1080 1380 (77)
309 1380 (90)
48 1380 (86)
39 1380 (93)
48 2150 (102)
39 2150 (90)
48 3537 (76)
39 3537 (92)
48 529 (96)
39 529 (91)
48 861 (81)
48 1592 (91)
39 1592 (103)
39 1771 (85)
1818 3311 (84)
795 1818 (98)
1818 1819 (91)
48 1818 (86)
39 1818 (88)
48 2469 (86)
39 2469 (92)
48 4105 (90)
39 4105 (97)
48 8730 (83)
39 8730 (93)
48 10474 (78)
39 10474 (81)
48 10611 (81)
39 10611 (95)
48 211 (80)
39 211 (90)
48 382 (80)
39 382 (78)
48 566 (89)
39 566 (90)
48 1459 (82)
39 1459 (91)
48 3185 (87)
39 3185 (87)
48 4891 (92)
39 4891 (89)
48 331 (84)
39 331 (88)
48 713 (94)
39 713 (98)
48 739 (80)
39 739 (84)
48 1016 (93)
39 1016 (93)
48 1821 (78)
39 1821 (81)
48 2663 (90)
39 2663 (98)
48 5108 (85)
39 5108 (96)
48 6118 (88)
39 6118 (89)
48 11794 (77)
39 11794 (77)
48 13060 (87)
39 13060 (86)
48 406 (90)
39 406 (84)
48 555 (80)
48 939 (101)
39 939 (97)
48 2011 (89)
39 2011 (105)
48 2537 (78)
39 2537 (88)
39 3896 (95)
48 1772 (81)
39 1772 (86)
48 1773 (78)
39 1773 (84)
48 2788 (101)
39 2788 (91)
38 2805 (145)
48 2805 (77)
39 2805 (98)
48 127 (85)
39 127 (78)
48 337 (88)
39 337 (81)
48 558 (95)
39 558 (80)
48 584 (83)
39 584 (81)
39 1929 (86)
48 2117 (93)
39 2117 (80)
48 193 (89)
39 193 (95)
48 706 (79)
39 706 (110)
48 1023 (94)
39 1023 (93)
48 2891 (87)
48 3186 (80)
39 3186 (99)
48 4975 (97)
39 4975 (119)
48 151 (83)
39 151 (106)
48 197 (82)
39 197 (86)
48 402 (78)
39 402 (94)
48 500 (92)
39 500 (91)
48 639 (90)
39 639 (108)
48 1538 (92)
39 1538 (106)
48 2506 (89)
39 2506 (90)
48 9617 (84)
39 9617 (92)
48 13043 (84)
39 13043 (88)
39 485 (93)
39 1796 (89)
48 1815 (95)
39 1815 (83)
48 2286 (90)
39 2286 (88)
48 2599 (91)
39 2599 (112)
795 3311 (98)
1819 3311 (113)
48 3311 (86)
39 3311 (91)
48 11747 (79)
39 11747 (99)
48 199 (83)
39 199 (92)
48 583 (96)
39 583 (106)
48 1343 (84)
48 1678 (98)
39 1678 (89)
48 5358 (100)
39 5358 (113)
48 5782 (91)
39 5782 (95)
48 108 (92)
39 108 (80)
48 222 (92)
39 222 (93)
48 2239 (78)
39 2239 (99)
48 3021 (80)
39 3021 (87)
48 9001 (92)
39 9001 (108)
48 880 (93)
39 880 (88)
48 1744 (94)
39 1744 (106)
48 2394 (108)
39 2394 (95)
48 3735 (101)
39 3735 (87)
48 3774 (105)
39 3774 (91)
48 12677 (91)
39 12677 (86)
48 141 (96)
39 141 (90)
48 434 (94)
39 434 (102)
48 650 (96)
39 650 (97)
48 711 (95)
39 711 (116)
48 2052 (92)
39 2052 (89)
48 2621 (88)
39 2621 (89)
48 3006 (94)
39 3006 (82)
48 3292 (103)
39 3292 (81)
48 9669 (98)
39 9669 (102)
48 525 (86)
39 525 (89)
48 1025 (79)
39 1025 (78)
48 1652 (95)
39 1652 (109)
48 2147 (96)
39 2147 (93)
48 440 (99)
39 440 (94)
48 596 (89)
39 596 (109)
48 896 (97)
39 896 (85)
48 925 (103)
39 925 (107)
48 1160 (97)
39 1160 (103)
48 2097 (76)
39 2097 (102)
48 2983 (100)
39 2983 (105)
39 4720 (110)
48 6128 (98)
39 6128 (98)
48 887 (111)
39 887 (90)
48 2746 (99)
39 2746 (112)
48 3221 (105)
39 3221 (89)
48 3808 (105)
39 3808 (101)
48 3966 (93)
39 3966 (106)
48 4630 (92)
39 4630 (93)
48 9843 (95)
39 9843 (101)
48 1318 (93)
39 1318 (95)
48 1527 (100)
39 1527 (113)
48 1593 (102)
39 1593 (102)
48 1964 (100)
39 1964 (101)
48 2706 (96)
39 2706 (95)
48 1071 (103)
39 1071 (84)
48 1161 (92)
39 1161 (94)
48 1249 (104)
39 1249 (98)
48 3553 (98)
39 3553 (88)
48 851 (95)
39 851 (94)
48 2990 (96)
39 2990 (94)
48 10818 (91)
39 10818 (89)
48 98 (86)
39 98 (91)
48 1594 (91)
39 1594 (106)
48 282 (113)
39 282 (116)
48 442 (100)
39 442 (92)
48 1345 (105)
39 1345 (109)
38 1831 (158)
39 1831 (98)
48 3149 (85)
39 3149 (114)
48 5767 (102)
39 5767 (102)
48 399 (117)
39 399 (113)
48 447 (101)
39 447 (103)
48 486 (103)
39 486 (90)
48 493 (104)
39 493 (121)
795 1819 (108)
48 795 (94)
39 795 (100)
48 987 (104)
39 987 (107)
48 2874 (100)
39 2874 (101)
48 4170 (90)
39 4170 (90)
48 4940 (105)
39 4940 (102)
48 9304 (89)
39 9304 (83)
48 10074 (86)
39 10074 (119)
48 606 (81)
39 606 (95)
48 660 (90)
39 660 (97)
48 708 (97)
39 708 (125)
48 759 (99)
39 759 (113)
48 926 (101)
39 926 (108)
48 1784 (102)
39 1784 (100)
48 1819 (94)
39 1819 (102)
48 1994 (112)
39 1994 (96)
48 2103 (106)
39 2103 (102)
48 2113 (113)
39 2113 (130)
48 2350 (109)
39 2350 (97)
48 13182 (91)
39 13182 (100)
48 392 (97)
39 392 (92)
48 911 (106)
39 911 (103)
48 1996 (112)
39 1996 (123)
48 2728 (91)
39 2728 (100)
48 3404 (107)
39 3404 (100)
48 69 (107)
39 69 (107)
48 77 (108)
39 77 (91)
48 200 (98)
39 200 (97)
48 220 (98)
39 220 (115)
48 388 (98)
39 388 (105)
48 1476 (82)
39 1476 (118)
48 2441 (102)
39 2441 (98)
48 3321 (96)
39 3321 (111)
48 350 (91)
39 350 (106)
48 491 (124)
39 491 (134)
48 1104 (105)
39 1104 (117)
48 2998 (113)
39 2998 (112)
48 3724 (99)
48 4209 (92)
39 4209 (101)
48 4316 (99)
39 4316 (97)
48 15345 (98)
39 15345 (88)
48 50 (89)
39 50 (99)
48 849 (100)
39 849 (103)
48 1012 (113)
39 1012 (86)
48 1897 (97)
39 1897 (99)
48 2186 (93)
39 2186 (106)
48 104 (97)
39 104 (108)
48 171 (109)
39 171 (117)
48 760 (107)
39 760 (108)
48 837 (101)
39 837 (96)
48 1332 (102)
39 1332 (96)
48 1595 (103)
39 1595 (98)
48 2723 (99)
39 2723 (86)
48 4201 (112)
39 4201 (95)
48 4344 (86)
39 4344 (121)
48 599 (90)
39 599 (97)
48 1072 (106)
39 1072 (117)
1609 14933 (107)
48 1609 (94)
39 1609 (109)
48 2177 (102)
39 2177 (103)
48 2561 (99)
39 2561 (87)
48 205 (101)
39 205 (105)
48 256 (99)
39 256 (131)
48 285 (119)
39 285 (99)
48 651 (91)
39 651 (109)
48 1026 (94)
39 1026 (111)
48 3683 (90)
39 3683 (108)
48 344 (105)
39 344 (83)
48 550 (100)
39 550 (107)
48 1395 (104)
39 1395 (111)
48 1786 (107)
39 1786 (133)
48 2276 (104)
39 2276 (86)
48 4307 (108)
39 4307 (104)
48 611 (98)
39 611 (103)
48 924 (119)
39 924 (105)
48 3012 (98)
39 3012 (108)
48 3291 (108)
39 3291 (115)
48 560 (92)
39 560 (99)
39 1497 (100)
48 2225 (90)
39 2225 (105)
48 189 (95)
39 189 (114)
565 581 (84)
48 565 (104)
39 565 (118)
48 767 (122)
39 767 (119)
48 2188 (102)
39 2188 (104)
48 2406 (84)
39 2406 (106)
48 2634 (107)
39 2634 (105)
48 3315 (98)
39 3315 (121)
48 3451 (104)
39 3451 (108)
5728 5729 (77)
2238 5728 (84)
48 5728 (114)
39 5728 (133)
48 10513 (105)
39 10513 (102)
164 167 (77)
48 167 (116)
39 167 (102)
308 1269 (101)
308 1379 (92)
308 309 (83)
48 308 (103)
39 308 (114)
48 612 (91)
39 612 (101)
48 1085 (87)
39 1085 (100)
48 1966 (103)
39 1966 (126)
48 2420 (106)
39 2420 (110)
48 3102 (89)
39 3102 (107)
48 244 (97)
39 244 (95)
48 662 (109)
39 662 (110)
166 684 (86)
164 684 (79)
48 684 (108)
39 684 (109)
48 1096 (111)
39 1096 (111)
48 2763 (109)
39 2763 (112)
48 2843 (111)
39 2843 (102)
48 3189 (107)
39 3189 (96)
48 4339 (106)
39 4339 (122)
48 347 (115)
39 347 (104)
48 749 (90)
39 749 (98)
48 1591 (114)
39 1591 (123)
48 1602 (117)
39 1602 (122)
48 1938 (92)
39 1938 (115)
48 2528 (104)
39 2528 (115)
48 2815 (108)
39 2815 (93)
48 10568 (111)
39 10568 (107)
1269 1378 (90)
1378 1379 (113)
1080 1378 (88)
309 1378 (110)
48 1378 (114)
39 1378 (117)
48 1629 (113)
39 1629 (103)
48 133 (118)
39 133 (114)
48 552 (125)
39 552 (113)
48 757 (110)
39 757 (130)
48 2053 (113)
39 2053 (102)
48 2167 (123)
39 2167 (125)
48 2259 (85)
39 2259 (123)
48 4945 (125)
39 4945 (90)
48 1143 (91)
39 1143 (131)
48 1163 (125)
39 1163 (96)
48 1183 (122)
39 1183 (94)
48 1741 (89)
39 1741 (128)
48 2573 (101)
39 2573 (119)
48 3279 (112)
39 3279 (122)
48 5124 (111)
39 5124 (102)
48 10448 (101)
39 10448 (106)
48 576 (123)
39 576 (121)
48 587 (117)
39 587 (107)
48 1232 (119)
39 1232 (101)
48 1372 (105)
39 1372 (111)
48 2915 (101)
39 2915 (112)
48 4685 (127)
39 4685 (114)
48 8867 (103)
39 8867 (109)
1 48 (94)
1 39 (115)
48 206 (112)
39 206 (114)
48 2370 (97)
39 2370 (110)
48 3462 (106)
39 3462 (113)
48 4642 (87)
39 4642 (89)
48 5248 (99)
39 5248 (121)
647 769 (109)
39 647 (84)
48 2212 (108)
39 2212 (111)
48 3151 (110)
39 3151 (109)
48 4070 (124)
39 4070 (124)
48 10605 (121)
39 10605 (136)
164 165 (113)
48 165 (134)
39 165 (108)
48 414 (100)
39 414 (134)
48 597 (118)
39 597 (157)
48 753 (113)
39 753 (113)
48 1014 (119)
39 1014 (113)
48 1804 (114)
39 1804 (123)
48 1903 (110)
39 1903 (102)
48 2856 (120)
39 2856 (125)
48 563 (112)
39 563 (108)
48 1294 (109)
39 1294 (113)
48 1899 (110)
39 1899 (129)
48 2344 (127)
39 2344 (119)
48 3194 (90)
39 3194 (90)
48 932 (97)
39 932 (118)
48 1001 (124)
39 1001 (104)
48 1010 (122)
39 1010 (138)
48 1291 (107)
39 1291 (120)
48 511 (91)
39 511 (106)
48 12473 (124)
39 12473 (122)
48 169 (111)
39 169 (124)
48 805 (121)
39 805 (135)
48 1616 (108)
39 1616 (118)
48 128 (123)
39 128 (102)
48 2997 (118)
39 2997 (115)
48 1013 (110)
39 1013 (124)
1269 1379 (87)
1080 1269 (96)
309 1269 (105)
48 1269 (110)
39 1269 (134)
48 8068 (112)
39 8068 (137)
48 82 (126)
39 82 (115)
48 673 (99)
39 673 (132)
48 1282 (118)
39 1282 (132)
48 1976 (130)
39 1976 (128)
48 2988 (97)
39 2988 (111)
48 3160 (103)
39 3160 (116)
48 3635 (128)
39 3635 (118)
48 5405 (113)
39 5405 (115)
48 9579 (124)
39 9579 (128)
48 95 (115)
39 95 (137)
48 116 (115)
39 116 (126)
48 250 (127)
39 250 (106)
48 489 (119)
39 489 (114)
48 536 (123)
39 536 (121)
48 764 (111)
39 764 (141)
48 2164 (131)
39 2164 (125)
48 615 (117)
39 615 (88)
1080 1379 (101)
309 1379 (114)
48 1379 (112)
39 1379 (134)
48 234 (103)
39 234 (134)
48 492 (115)
39 492 (127)
48 1172 (120)
39 1172 (114)
48 2464 (127)
39 2464 (119)
48 4899 (100)
39 4899 (149)
48 10420 (123)
39 10420 (129)
38 1188 (186)
48 1188 (99)
39 1188 (131)
48 1280 (114)
39 1280 (120)
48 1842 (115)
39 1842 (136)
48 2965 (128)
39 2965 (134)
48 2596 (112)
39 2596 (107)
48 2625 (112)
39 2625 (115)
48 4994 (115)
39 4994 (133)
48 5074 (122)
39 5074 (122)
48 14386 (97)
39 14386 (116)
5 48 (110)
5 39 (112)
48 2635 (106)
39 2635 (122)
2238 5729 (101)
41 5729 (86)
48 5729 (137)
39 5729 (151)
10515 10551 (83)
48 10551 (110)
39 10551 (119)
48 2388 (124)
39 2388 (162)
48 4779 (121)
39 4779 (105)
48 10451 (114)
39 10451 (108)
48 718 (116)
39 718 (124)
48 938 (120)
39 938 (117)
48 1763 (107)
39 1763 (109)
48 2054 (115)
39 2054 (134)
48 543 (120)
39 543 (118)
48 2364 (114)
39 2364 (110)
38 504 (172)
48 504 (84)
39 504 (135)
166 682 (77)
48 682 (134)
39 682 (130)
48 4207 (146)
39 4207 (124)
48 278 (119)
39 278 (113)
769 1034 (121)
48 1034 (77)
39 1034 (101)
38 1590 (200)
48 1590 (91)
39 1590 (141)
48 1698 (120)
39 1698 (116)
48 5152 (104)
39 5152 (132)
48 423 (120)
39 423 (121)
48 501 (90)
39 501 (85)
48 1489 (111)
39 1489 (140)
48 1956 (172)
39 1956 (141)
48 3294 (115)
39 3294 (139)
48 3668 (127)
39 3668 (133)
48 235 (123)
39 235 (134)
48 2749 (113)
39 2749 (134)
309 1080 (115)
48 1080 (117)
39 1080 (128)
48 1564 (138)
39 1564 (103)
48 1939 (126)
39 1939 (127)
48 2524 (149)
39 2524 (121)
48 66 (111)
39 66 (118)
48 907 (116)
39 907 (149)
48 2440 (131)
39 2440 (139)
48 12981 (116)
39 12981 (124)
48 320 (132)
39 320 (138)
48 346 (145)
39 346 (133)
41 412 (76)
48 412 (136)
39 412 (142)
48 927 (123)
39 927 (127)
48 1281 (117)
39 1281 (130)
48 3317 (119)
39 3317 (115)
164 166 (91)
48 166 (127)
39 166 (125)
48 534 (139)
39 534 (139)
48 697 (120)
39 697 (143)
48 2375 (130)
39 2375 (131)
48 2425 (109)
39 2425 (120)
48 2629 (130)
39 2629 (129)
48 3316 (113)
39 3316 (121)
48 213 (114)
39 213 (149)
48 309 (119)
39 309 (147)
48 1185 (129)
39 1185 (128)
48 15578 (126)
39 15578 (152)
48 168 (140)
39 168 (152)
48 989 (138)
39 989 (145)
48 1333 (113)
39 1333 (126)
48 10943 (140)
39 10943 (106)
48 2792 (164)
39 2792 (161)
48 342 (138)
39 342 (127)
48 622 (132)
39 622 (122)
48 2075 (127)
39 2075 (152)
48 3759 (131)
39 3759 (151)
48 652 (124)
39 652 (137)
39 227 (109)
48 1991 (88)
39 1991 (167)
48 13032 (127)
39 13032 (124)
48 204 (137)
39 204 (133)
48 1081 (131)
39 1081 (139)
48 3964 (145)
39 3964 (157)
48 1360 (128)
39 1360 (139)
48 921 (134)
39 921 (135)
48 1655 (149)
39 1655 (138)
48 215 (148)
39 215 (153)
48 1027 (155)
39 1027 (142)
48 164 (154)
39 164 (124)
48 3827 (125)
39 3827 (158)
48 262 (140)
39 262 (136)
48 433 (122)
39 433 (139)
48 2633 (124)
39 2633 (127)
48 10525 (142)
39 10525 (130)
48 397 (161)
39 397 (154)
48 769 (75)
39 769 (95)
48 1638 (157)
39 1638 (154)
48 195 (126)
39 195 (139)
48 2191 (125)
39 2191 (131)
48 2215 (141)
39 2215 (120)
48 2495 (145)
39 2495 (144)
48 4524 (131)
39 4524 (132)
48 96 (130)
39 96 (147)
48 497 (115)
39 497 (143)
48 751 (141)
39 751 (130)
48 984 (142)
39 984 (154)
48 2894 (126)
39 2894 (128)
48 10442 (168)
39 10442 (139)
48 13174 (126)
39 13174 (139)
38 1529 (213)
48 1529 (103)
39 1529 (165)
48 2091 (134)
39 2091 (145)
48 7975 (142)
39 7975 (125)
48 12982 (128)
39 12982 (143)
48 75 (149)
39 75 (165)
48 2325 (149)
39 2325 (141)
48 4393 (127)
39 4393 (137)
48 4650 (131)
39 4650 (121)
48 13334 (138)
39 13334 (121)
16430 16431 (235)
41 16431 (76)
48 16431 (127)
39 16431 (132)
48 1196 (139)
39 1196 (144)
48 1209 (152)
39 1209 (161)
48 1444 (151)
39 1444 (149)
48 1808 (141)
39 1808 (142)
48 12933 (143)
39 12933 (157)
15 48 (144)
15 39 (142)
48 610 (134)
39 610 (119)
48 993 (136)
39 993 (126)
48 1425 (122)
39 1425 (143)
41 3904 (88)
38 3904 (235)
48 3904 (136)
39 3904 (194)
48 2468 (118)
39 2468 (159)
48 10490 (157)
39 10490 (147)
48 643 (155)
39 643 (151)
48 768 (104)
39 768 (129)
48 203 (150)
39 203 (151)
48 734 (220)
39 734 (171)
48 727 (161)
39 727 (157)
48 3510 (150)
39 3510 (159)
79 2254 (89)
48 2254 (140)
39 2254 (158)
48 1308 (133)
39 1308 (131)
48 5051 (150)
39 5051 (139)
48 653 (143)
39 653 (144)
48 2065 (155)
39 2065 (173)
48 2626 (144)
39 2626 (140)
48 785 (129)
39 785 (141)
48 817 (138)
39 817 (121)
48 978 (128)
39 978 (186)
48 2187 (162)
39 2187 (146)
48 7205 (148)
39 7205 (141)
38 390 (240)
48 390 (140)
39 390 (170)
48 1930 (152)
39 1930 (159)
48 1973 (162)
39 1973 (130)
48 2015 (180)
39 2015 (153)
48 2115 (169)
39 2115 (151)
48 232 (152)
39 232 (142)
806 2991 (77)
175 2991 (78)
48 2991 (127)
39 2991 (159)
48 640 (170)
39 640 (163)
48 829 (149)
39 829 (153)
48 1619 (170)
39 1619 (181)
38 370 (250)
48 370 (139)
39 370 (171)
32 1046 (247)
48 1046 (133)
39 1046 (123)
48 903 (134)
39 903 (189)
48 2492 (162)
39 2492 (149)
48 12935 (201)
39 12935 (178)
48 424 (164)
39 424 (150)
38 840 (256)
48 840 (142)
39 840 (162)
48 1082 (142)
39 1082 (130)
48 1562 (146)
39 1562 (138)
48 730 (156)
39 730 (174)
48 10656 (158)
39 10656 (145)
48 2552 (165)
39 2552 (146)
48 2353 (154)
39 2353 (178)
48 1257 (173)
39 1257 (176)
48 13443 (143)
39 13443 (157)
48 176 (152)
39 176 (141)
48 341 (164)
39 341 (153)
48 715 (187)
39 715 (156)
48 1361 (151)
39 1361 (185)
48 8691 (205)
39 8691 (186)
48 3502 (160)
39 3502 (179)
48 1214 (137)
39 1214 (159)
41 2208 (89)
48 2208 (153)
39 2208 (163)
48 1313 (180)
39 1313 (183)
48 1481 (161)
39 1481 (184)
352 1859 (112)
41 1859 (112)
48 1859 (151)
39 1859 (160)
48 13189 (149)
39 13189 (167)
48 694 (154)
39 694 (181)
48 1277 (169)
39 1277 (163)
48 2515 (164)
39 2515 (146)
38 2523 (79)
48 2523 (180)
39 2523 (164)
48 10491 (163)
39 10491 (171)
48 1103 (174)
39 1103 (174)
41 365 (77)
48 365 (168)
39 365 (187)
48 1003 (177)
39 1003 (184)
48 1062 (154)
39 1062 (183)
12 48 (162)
12 39 (164)
48 12943 (139)
39 12943 (176)
48 514 (192)
39 514 (182)
48 2241 (192)
39 2241 (201)
48 14099 (171)
39 14099 (176)
175 842 (91)
48 842 (134)
39 842 (181)
48 1066 (175)
39 1066 (168)
48 1052 (193)
39 1052 (149)
48 3799 (182)
39 3799 (195)
48 9555 (163)
39 9555 (167)
48 10653 (175)
39 10653 (169)
41 16430 (89)
48 16430 (156)
39 16430 (155)
41 246 (90)
48 246 (189)
39 246 (186)
48 1126 (172)
39 1126 (166)
48 1158 (156)
39 1158 (164)
48 415 (184)
39 415 (174)
48 830 (208)
39 830 (177)
48 2775 (176)
39 2775 (173)
48 8985 (159)
39 8985 (196)
48 1585 (197)
39 1585 (170)
48 4698 (192)
39 4698 (201)
48 248 (199)
39 248 (197)
2284 2505 (131)
48 2505 (174)
39 2505 (207)
41 3361 (76)
48 3361 (171)
39 3361 (175)
48 12951 (162)
39 12951 (206)
48 1486 (200)
39 1486 (187)
48 1513 (180)
39 1513 (206)
48 9501 (160)
39 9501 (187)
48 1000 (157)
39 1000 (176)
48 2343 (174)
39 2343 (167)
32 352 (85)
41 352 (118)
48 352 (174)
39 352 (150)
41 1557 (79)
48 1557 (193)
39 1557 (185)
38 351 (90)
48 351 (159)
39 351 (161)
48 547 (181)
39 547 (173)
41 1543 (83)
48 1543 (180)
39 1543 (213)
48 2056 (189)
39 2056 (185)
32 319 (75)
48 319 (172)
39 319 (183)
41 384 (102)
48 384 (177)
39 384 (197)
48 1113 (173)
39 1113 (169)
32 591 (91)
41 591 (77)
48 591 (204)
39 591 (205)
41 432 (87)
48 432 (161)
39 432 (181)
48 2987 (200)
39 2987 (170)
48 490 (208)
39 490 (194)
32 47 (97)
38 47 (308)
47 48 (182)
39 47 (219)
41 1659 (83)
48 1659 (177)
39 1659 (213)
41 2673 (86)
48 2673 (220)
39 2673 (185)
41 979 (82)
48 979 (199)
39 979 (235)
175 178 (95)
32 178 (84)
38 178 (76)
48 178 (160)
39 178 (213)
41 1121 (107)
48 1121 (194)
39 1121 (203)
41 2135 (79)
48 2135 (204)
39 2135 (221)
48 831 (216)
39 831 (222)
41 793 (91)
48 793 (200)
39 793 (204)
48 12959 (150)
39 12959 (182)
48 1867 (197)
39 1867 (188)
48 2051 (214)
39 2051 (213)
48 2399 (184)
39 2399 (190)
48 1704 (180)
39 1704 (202)
41 10444 (77)
48 10444 (205)
39 10444 (204)
48 80 (195)
39 80 (224)
136 1067 (77)
107 136 (78)
41 136 (76)
48 136 (206)
39 136 (210)
41 2184 (102)
48 2184 (199)
39 2184 (206)
41 281 (92)
38 281 (313)
48 281 (200)
39 281 (211)
48 1020 (189)
39 1020 (199)
32 1404 (85)
48 1404 (196)
39 1404 (206)
32 2329 (75)
48 2329 (222)
39 2329 (187)
48 345 (213)
39 345 (202)
48 1677 (221)
39 1677 (207)
32 2879 (78)
48 2879 (193)
39 2879 (203)
32 1987 (83)
41 1987 (80)
48 1987 (209)
39 1987 (210)
41 798 (78)
48 798 (218)
39 798 (194)
48 418 (191)
39 418 (211)
41 808 (94)
48 808 (188)
39 808 (195)
41 14933 (80)
48 14933 (202)
39 14933 (227)
32 1479 (78)
38 1479 (86)
48 1479 (199)
39 1479 (220)
48 408 (206)
39 408 (206)
32 790 (81)
41 790 (131)
38 790 (339)
48 790 (204)
39 790 (246)
32 52 (76)
41 52 (78)
48 52 (224)
39 52 (223)
396 910 (82)
32 910 (94)
41 910 (80)
48 910 (214)
39 910 (216)
48 2080 (204)
39 2080 (192)
41 571 (92)
48 571 (223)
39 571 (220)
41 208 (139)
48 208 (225)
39 208 (220)
32 2168 (79)
41 2168 (105)
48 2168 (182)
39 2168 (210)
41 916 (83)
38 916 (77)
48 916 (216)
39 916 (235)
41 53 (85)
48 53 (227)
39 53 (249)
41 426 (83)
48 426 (238)
39 426 (246)
41 855 (105)
38 855 (80)
48 855 (213)
39 855 (225)
32 856 (76)
48 856 (197)
39 856 (209)
41 1714 (87)
48 1714 (206)
39 1714 (240)
41 704 (87)
48 704 (216)
39 704 (192)
32 913 (82)
41 913 (96)
48 913 (212)
39 913 (230)
32 2118 (87)
48 2118 (239)
39 2118 (207)
32 56 (82)
41 56 (84)
38 56 (356)
48 56 (212)
39 56 (253)
32 94 (81)
41 94 (111)
48 94 (203)
39 94 (216)
41 398 (88)
48 398 (229)
39 398 (230)
175 1355 (126)
32 1355 (88)
41 1355 (104)
38 1355 (88)
48 1355 (190)
39 1355 (234)
41 2284 (94)
48 2284 (211)
39 2284 (252)
41 261 (89)
38 261 (84)
48 261 (230)
39 261 (253)
107 961 (87)
548 961 (76)
32 961 (86)
41 961 (95)
48 961 (235)
39 961 (230)
30 32 (78)
30 41 (87)
30 48 (215)
30 39 (244)
2 48 (186)
2 39 (211)
41 623 (100)
48 623 (218)
39 623 (221)
237 1043 (77)
32 1043 (96)
41 1043 (80)
48 1043 (216)
39 1043 (234)
48 155 (215)
39 155 (235)
48 4883 (226)
39 4883 (229)
48 12946 (202)
39 12946 (240)
32 1417 (81)
41 1417 (79)
48 1417 (233)
39 1417 (232)
32 62 (79)
48 62 (220)
39 62 (186)
32 1693 (80)
48 1693 (226)
39 1693 (253)
297 544 (105)
32 297 (75)
41 297 (96)
48 297 (235)
39 297 (262)
32 878 (75)
41 878 (102)
48 878 (210)
39 878 (238)
32 581 (81)
41 581 (80)
48 581 (245)
39 581 (256)
107 1067 (114)
32 1067 (101)
41 1067 (110)
48 1067 (247)
39 1067 (227)
32 2383 (86)
41 2383 (82)
38 2383 (80)
48 2383 (240)
39 2383 (256)
32 4336 (88)
41 4336 (92)
48 4336 (223)
39 4336 (235)
32 675 (78)
41 675 (85)
48 675 (261)
39 675 (280)
32 1239 (75)
41 1239 (83)
48 1239 (247)
39 1239 (248)
32 1872 (89)
41 1872 (114)
48 1872 (236)
39 1872 (238)
41 374 (115)
48 374 (233)
39 374 (256)
32 846 (86)
41 846 (132)
48 846 (200)
39 846 (225)
41 150 (76)
48 150 (240)
39 150 (239)
809 885 (81)
441 885 (101)
41 885 (82)
48 885 (224)
39 885 (256)
48 209 (212)
39 209 (220)
441 809 (84)
32 809 (90)
41 809 (93)
48 809 (254)
39 809 (272)
41 425 (82)
48 425 (281)
39 425 (267)
32 2437 (93)
41 2437 (110)
38 2437 (84)
48 2437 (255)
39 2437 (223)
32 789 (105)
41 789 (133)
48 789 (273)
39 789 (293)
41 947 (89)
48 947 (228)
39 947 (227)
41 1783 (110)
48 1783 (231)
39 1783 (258)
32 2199 (102)
41 2199 (99)
48 2199 (275)
39 2199 (241)
32 2046 (90)
41 2046 (87)
48 2046 (204)
39 2046 (231)
8978 16011 (79)
8978 16010 (149)
32 8978 (93)
41 8978 (197)
38 8978 (79)
48 8978 (242)
39 8978 (305)
41 420 (97)
48 420 (229)
39 420 (248)
32 10446 (93)
41 10446 (92)
48 10446 (228)
39 10446 (249)
32 267 (85)
41 267 (95)
38 267 (110)
48 267 (276)
39 267 (300)
32 865 (93)
41 865 (91)
48 865 (267)
39 865 (271)
249 1144 (141)
32 1144 (95)
41 1144 (87)
38 1144 (84)
48 1144 (249)
39 1144 (250)
32 251 (106)
41 251 (90)
38 251 (78)
48 251 (239)
39 251 (238)
32 1715 (119)
41 1715 (133)
48 1715 (264)
39 1715 (257)
41 1986 (95)
38 1986 (96)
48 1986 (258)
39 1986 (296)
32 15618 (96)
41 15618 (131)
38 15618 (79)
48 15618 (230)
39 15618 (244)
48 441 (240)
39 441 (279)
32 279 (97)
41 279 (123)
38 279 (87)
48 279 (273)
39 279 (284)
32 272 (87)
41 272 (89)
38 272 (82)
48 272 (263)
39 272 (308)
32 1135 (131)
41 1135 (112)
38 1135 (105)
48 1135 (376)
39 1135 (308)
32 1198 (101)
41 1198 (151)
48 1198 (253)
39 1198 (273)
32 105 (98)
41 105 (106)
38 105 (446)
48 105 (255)
39 105 (307)
32 340 (91)
41 340 (110)
38 340 (89)
48 340 (280)
39 340 (278)
16010 16011 (448)
32 16011 (103)
41 16011 (166)
48 16011 (256)
39 16011 (282)
32 186 (111)
41 186 (109)
48 186 (309)
39 186 (298)
32 407 (97)
41 407 (101)
38 407 (77)
48 407 (286)
39 407 (289)
1146 3616 (218)
32 3616 (116)
41 3616 (143)
38 3616 (103)
48 3616 (276)
39 3616 (307)
32 681 (91)
41 681 (116)
38 681 (83)
48 681 (261)
39 681 (289)
10 41 (96)
10 48 (285)
10 39 (311)
32 379 (81)
41 379 (97)
38 379 (86)
48 379 (251)
39 379 (307)
32 259 (79)
41 259 (110)
48 259 (260)
39 259 (254)
32 1814 (86)
41 1814 (111)
38 1814 (88)
48 1814 (314)
39 1814 (320)
32 396 (97)
41 396 (131)
38 396 (85)
48 396 (273)
39 396 (307)
32 260 (88)
41 260 (106)
38 260 (120)
48 260 (276)
39 260 (306)
32 269 (104)
41 269 (108)
38 269 (99)
48 269 (300)
39 269 (309)
11 32 (93)
11 41 (133)
11 38 (84)
11 48 (317)
11 39 (325)
65 464 (75)
32 464 (86)
41 464 (130)
48 464 (310)
39 464 (295)
32 535 (94)
41 535 (109)
48 535 (281)
39 535 (274)
41 55 (122)
38 55 (473)
48 55 (234)
39 55 (329)
32 12929 (112)
41 12929 (77)
38 12929 (100)
48 12929 (289)
39 12929 (327)
32 488 (114)
41 488 (97)
38 488 (80)
48 488 (305)
39 488 (275)
32 449 (109)
41 449 (106)
38 449 (82)
48 449 (283)
39 449 (266)
32 772 (115)
41 772 (106)
48 772 (312)
39 772 (270)
175 806 (134)
32 806 (92)
41 806 (125)
38 806 (138)
48 806 (271)
39 806 (348)
32 1435 (90)
41 1435 (100)
48 1435 (300)
39 1435 (316)
23 32 (89)
23 41 (130)
23 38 (75)
23 48 (293)
23 39 (359)
107 549 (126)
107 548 (98)
32 107 (109)
41 107 (119)
38 107 (92)
48 107 (322)
39 107 (283)
32 664 (91)
41 664 (89)
38 664 (131)
48 664 (273)
39 664 (344)
32 334 (102)
41 334 (81)
48 334 (299)
39 334 (340)
32 371 (87)
41 371 (124)
38 371 (524)
48 371 (268)
39 371 (368)
32 1344 (119)
41 1344 (185)
38 1344 (125)
48 1344 (304)
39 1344 (343)
32 103 (133)
41 103 (125)
38 103 (126)
48 103 (281)
39 103 (339)
32 703 (87)
41 703 (80)
38 703 (79)
48 703 (312)
39 703 (306)
32 812 (124)
41 812 (114)
48 812 (316)
39 812 (311)
32 766 (87)
41 766 (133)
48 766 (348)
39 766 (339)
32 570 (105)
41 570 (144)
38 570 (102)
48 570 (354)
39 570 (392)
117 976 (208)
32 976 (107)
41 976 (122)
38 976 (79)
48 976 (300)
39 976 (318)
32 156 (97)
41 156 (111)
38 156 (118)
48 156 (323)
39 156 (394)
32 229 (132)
41 229 (135)
38 229 (130)
48 229 (379)
39 229 (348)
32 1600 (116)
41 1600 (138)
38 1600 (82)
48 1600 (317)
39 1600 (335)
32 544 (99)
41 544 (129)
38 544 (79)
48 544 (349)
39 544 (366)
548 549 (106)
32 549 (136)
41 549 (143)
38 549 (77)
48 549 (360)
39 549 (337)
32 389 (141)
41 389 (139)
38 389 (151)
48 389 (310)
39 389 (398)
18 32 (128)
18 41 (142)
18 38 (100)
18 48 (325)
18 39 (386)
32 649 (106)
41 649 (137)
38 649 (110)
48 649 (352)
39 649 (385)
32 76 (113)
41 76 (155)
38 76 (94)
48 76 (337)
39 76 (373)
32 1578 (121)
41 1578 (122)
38 1578 (126)
48 1578 (320)
39 1578 (400)
32 242 (86)
41 242 (87)
38 242 (139)
48 242 (269)
39 242 (384)
32 2958 (144)
41 2958 (154)
38 2958 (131)
48 2958 (541)
39 2958 (450)
32 45 (75)
41 45 (123)
38 45 (123)
45 48 (346)
39 45 (381)
32 956 (139)
41 956 (162)
38 956 (106)
48 956 (384)
39 956 (417)
405 10515 (215)
65 10515 (80)
32 10515 (110)
41 10515 (114)
38 10515 (78)
48 10515 (378)
39 10515 (382)
32 405 (118)
41 405 (104)
38 405 (100)
48 405 (380)
39 405 (366)
65 479 (80)
32 479 (120)
41 479 (143)
38 479 (100)
48 479 (361)
39 479 (405)
32 264 (105)
41 264 (154)
38 264 (189)
48 264 (374)
39 264 (437)
31 32 (136)
31 41 (149)
31 38 (118)
31 48 (346)
31 39 (381)
175 13041 (96)
175 225 (97)
32 175 (138)
41 175 (203)
38 175 (188)
48 175 (335)
39 175 (431)
32 3270 (131)
41 3270 (138)
38 3270 (120)
48 3270 (425)
39 3270 (410)
65 783 (85)
32 783 (128)
41 783 (149)
38 783 (96)
48 783 (404)
39 783 (444)
19 32 (121)
19 41 (134)
19 38 (98)
19 48 (410)
19 39 (410)
32 522 (130)
41 522 (154)
38 522 (89)
48 522 (408)
39 522 (451)
179 301 (87)
147 179 (100)
32 179 (166)
41 179 (165)
38 179 (120)
48 179 (437)
39 179 (458)
32 117 (130)
41 117 (183)
38 117 (98)
48 117 (404)
39 117 (372)
32 258 (145)
41 258 (176)
38 258 (113)
48 258 (480)
39 258 (456)
413 13041 (75)
89 13041 (77)
32 13041 (154)
41 13041 (267)
38 13041 (126)
48 13041 (418)
39 13041 (469)
32 161 (134)
41 161 (152)
38 161 (145)
48 161 (383)
39 161 (447)
78 89 (82)
32 78 (156)
41 78 (136)
38 78 (143)
48 78 (581)
39 78 (544)
32 677 (190)
41 677 (145)
38 677 (117)
48 677 (443)
39 677 (429)
65 589 (83)
32 589 (159)
41 589 (158)
38 589 (119)
48 589 (436)
39 589 (489)
32 1004 (202)
41 1004 (135)
38 1004 (122)
48 1004 (429)
39 1004 (404)
32 37 (126)
37 41 (177)
37 38 (760)
37 48 (402)
37 39 (512)
32 49 (145)
41 49 (159)
38 49 (170)
48 49 (605)
39 49 (552)
65 201 (111)
32 201 (133)
41 201 (176)
38 201 (104)
48 201 (464)
39 201 (460)
32 286 (155)
41 286 (178)
38 286 (768)
48 286 (410)
39 286 (520)
32 548 (194)
41 548 (159)
38 548 (140)
48 548 (463)
39 548 (472)
32 15832 (161)
41 15832 (304)
38 15832 (109)
48 15832 (404)
39 15832 (508)
32 1393 (147)
41 1393 (146)
38 1393 (137)
48 1393 (448)
39 1393 (544)
101 301 (81)
65 301 (92)
32 301 (198)
41 301 (174)
38 301 (96)
48 301 (443)
39 301 (485)
237 249 (130)
32 249 (144)
41 249 (183)
38 249 (192)
48 249 (464)
39 249 (529)
32 740 (109)
41 740 (149)
38 740 (158)
48 740 (366)
39 740 (540)
101 824 (83)
65 824 (77)
32 824 (191)
41 824 (210)
38 824 (114)
48 824 (491)
39 824 (473)
89 592 (81)
32 592 (171)
41 592 (214)
38 592 (124)
48 592 (511)
39 592 (514)
32 16217 (147)
41 16217 (312)
38 16217 (144)
48 16217 (469)
39 16217 (535)
65 604 (92)
32 604 (167)
41 604 (203)
38 604 (141)
48 604 (505)
39 604 (568)
89 338 (81)
65 338 (81)
32 338 (159)
41 338 (180)
38 338 (132)
48 338 (558)
39 338 (523)
32 123 (189)
41 123 (164)
38 123 (133)
48 123 (539)
39 123 (501)
14098 16010 (77)
32 16010 (194)
41 16010 (319)
38 16010 (141)
48 16010 (503)
39 16010 (557)
310 14098 (84)
89 14098 (79)
32 14098 (160)
41 14098 (115)
38 14098 (131)
48 14098 (514)
39 14098 (580)
32 185 (194)
41 185 (209)
38 185 (142)
48 185 (569)
39 185 (570)
9 89 (83)
9 65 (92)
9 32 (171)
9 41 (217)
9 38 (131)
9 48 (570)
9 39 (605)
225 1146 (94)
32 1146 (238)
41 1146 (370)
38 1146 (214)
48 1146 (571)
39 1146 (702)
32 12925 (169)
41 12925 (110)
38 12925 (201)
48 12925 (565)
39 12925 (663)
237 533 (77)
89 533 (78)
65 533 (75)
32 533 (201)
41 533 (242)
38 533 (174)
48 533 (602)
39 533 (638)
65 255 (92)
32 255 (237)
41 255 (234)
38 255 (186)
48 255 (747)
39 255 (755)
60 310 (80)
60 89 (98)
60 65 (114)
32 60 (177)
41 60 (192)
38 60 (139)
48 60 (575)
39 60 (701)
79 225 (98)
32 79 (268)
41 79 (347)
38 79 (218)
48 79 (619)
39 79 (785)
270 2238 (178)
270 271 (468)
225 270 (201)
32 270 (285)
41 270 (340)
38 270 (270)
48 270 (634)
39 270 (829)
271 2238 (188)
225 2238 (285)
65 2238 (81)
32 2238 (252)
41 2238 (411)
38 2238 (277)
48 2238 (655)
39 2238 (907)
65 1327 (95)
32 1327 (214)
41 1327 (318)
38 1327 (250)
48 1327 (686)
39 1327 (806)
147 413 (87)
101 147 (98)
89 147 (86)
65 147 (115)
32 147 (254)
41 147 (325)
38 147 (243)
48 147 (747)
39 147 (795)
101 413 (110)
89 413 (79)
65 413 (124)
32 413 (231)
41 413 (278)
38 413 (208)
48 413 (779)
39 413 (756)
32 438 (244)
41 438 (302)
38 438 (270)
48 438 (710)
39 438 (899)
225 271 (283)
65 271 (116)
32 271 (329)
41 271 (420)
38 271 (267)
48 271 (759)
39 271 (1017)
101 475 (85)
237 475 (127)
89 475 (113)
65 475 (117)
32 475 (314)
41 475 (410)
38 475 (285)
48 475 (1007)
39 475 (1049)
101 310 (88)
101 237 (91)
89 101 (133)
65 101 (172)
32 101 (283)
41 101 (341)
38 101 (259)
48 101 (895)
39 101 (968)
237 310 (143)
225 310 (115)
89 310 (162)
65 310 (153)
32 310 (369)
41 310 (490)
38 310 (299)
48 310 (1187)
39 310 (1272)
36 110 (134)
110 170 (107)
89 110 (78)
32 110 (280)
41 110 (452)
38 110 (1828)
48 110 (925)
39 110 (1178)
36 237 (114)
36 170 (150)
36 225 (109)
36 89 (113)
36 65 (117)
32 36 (350)
36 41 (513)
36 38 (1996)
36 48 (1006)
36 39 (1473)
170 237 (102)
225 237 (106)
89 237 (171)
65 237 (150)
32 237 (387)
41 237 (402)
38 237 (472)
48 237 (1195)
39 237 (1352)
170 225 (92)
89 170 (123)
65 170 (83)
32 170 (373)
41 170 (558)
38 170 (2094)
48 170 (1083)
39 170 (1426)
89 225 (123)
65 225 (141)
32 225 (468)
41 225 (625)
38 225 (480)
48 225 (1223)
39 225 (1641)
65 89 (222)
32 89 (489)
41 89 (539)
38 89 (553)
48 89 (1966)
39 89 (1955)
32 65 (538)
41 65 (673)
38 65 (453)
48 65 (1767)
39 65 (1957)
32 41 (2239)
32 38 (1936)
32 48 (5624)
32 39 (5940)
38 41 (2705)
41 48 (6343)
39 41 (8019)
38 48 (5533)
38 39 (7179)
39 48 (20392)
38 39 3005 (90)
39 48 1905 (76)
39 48 3276 (77)
39 48 1060 (78)
39 48 713 (75)
39 48 2011 (75)
38 48 2805 (77)
38 39 2805 (96)
39 48 4975 (83)
795 1819 3311 (80)
39 48 583 (75)
39 48 5358 (83)
39 48 1744 (75)
39 48 434 (75)
39 48 1652 (81)
39 48 925 (82)
39 48 2746 (79)
39 48 3808 (78)
39 48 1527 (80)
39 48 1593 (76)
39 48 282 (88)
39 48 1345 (81)
38 39 1831 (95)
39 48 399 (89)
39 48 493 (82)
39 48 987 (83)
39 48 4940 (80)
39 48 708 (78)
39 48 759 (83)
39 48 926 (79)
39 48 1994 (78)
39 48 2113 (92)
39 48 2350 (77)
39 48 911 (79)
39 48 1996 (93)
39 48 69 (78)
39 48 220 (76)
39 48 388 (75)
39 48 491 (106)
39 48 1104 (87)
39 48 2998 (84)
39 48 171 (83)
39 48 1072 (83)
39 48 256 (83)
39 48 285 (79)
39 48 1786 (94)
39 48 4307 (75)
39 48 924 (83)
39 48 3291 (79)
39 48 189 (76)
39 48 565 (80)
39 48 767 (92)
39 48 2188 (75)
39 48 3315 (83)
39 48 5728 (92)
39 48 167 (78)
39 48 308 (75)
39 48 1966 (77)
39 48 2420 (79)
39 48 662 (78)
39 48 684 (76)
39 48 1096 (79)
39 48 2763 (80)
39 48 4339 (76)
39 48 1591 (85)
39 48 1602 (92)
39 48 2528 (78)
39 48 10568 (77)
309 1378 1379 (83)
39 309 1378 (75)
39 48 1378 (84)
39 48 1629 (75)
39 48 133 (84)
39 48 552 (87)
39 48 757 (86)
39 48 2053 (79)
39 48 2167 (94)
39 48 1143 (77)
39 48 2573 (79)
39 48 3279 (84)
39 48 576 (88)
39 48 1372 (75)
39 48 4685 (87)
39 48 206 (81)
39 48 3462 (75)
39 48 5248 (79)
39 48 3151 (80)
39 48 4070 (94)
39 48 10605 (101)
48 164 165 (84)
39 48 165 (83)
39 48 414 (78)
39 48 597 (102)
39 48 753 (78)
39 48 1014 (85)
39 48 1804 (86)
39 48 1903 (77)
39 48 2856 (86)
39 48 563 (79)
39 48 1294 (80)
39 48 1899 (79)
39 48 2344 (87)
39 48 1001 (83)
39 48 1010 (91)
39 48 1291 (75)
39 48 12473 (88)
39 48 169 (84)
39 48 805 (99)
39 48 1616 (78)
39 48 2997 (82)
39 48 1013 (83)
39 309 1269 (76)
39 48 1269 (91)
39 48 8068 (92)
39 48 82 (83)
39 48 673 (76)
39 48 1282 (91)
39 48 1976 (94)
39 48 3635 (82)
39 48 5405 (79)
39 48 9579 (88)
39 48 95 (90)
39 48 116 (84)
39 48 250 (81)
39 48 489 (80)
39 48 536 (81)
39 48 764 (97)
39 48 2164 (95)
39 309 1379 (81)
39 48 1379 (81)
39 48 234 (79)
39 48 492 (86)
39 48 1172 (81)
39 48 2464 (89)
39 48 4899 (90)
39 48 10420 (92)
38 48 1188 (93)
38 39 1188 (119)
39 48 1188 (79)
39 48 1280 (89)
39 48 1842 (93)
39 48 2965 (98)
39 48 2625 (77)
39 48 4994 (89)
39 48 5074 (78)
39 48 2635 (80)
39 2238 5729 (75)
39 48 5729 (111)
39 48 2388 (108)
39 48 718 (91)
39 48 2054 (87)
39 48 543 (78)
38 48 504 (75)
38 39 504 (116)
39 48 682 (91)
39 48 4207 (100)
39 48 278 (77)
38 48 1590 (88)
38 39 1590 (136)
39 48 1698 (85)
39 48 5152 (88)
39 48 423 (82)
39 48 1489 (87)
39 48 1956 (119)
39 48 3294 (90)
39 48 3668 (93)
39 48 235 (99)
39 48 2749 (81)
39 48 1080 (83)
39 48 1564 (76)
39 48 1939 (86)
39 48 2524 (99)
39 48 907 (84)
39 48 2440 (100)
39 48 320 (92)
39 48 346 (95)
39 48 412 (105)
39 48 927 (83)
39 48 1281 (86)
39 48 3317 (78)
39 48 166 (90)
39 48 534 (98)
39 48 697 (96)
39 48 2375 (97)
39 48 2425 (77)
39 48 2629 (96)
39 48 213 (86)
39 48 309 (90)
39 48 1185 (90)
39 48 15578 (101)
39 48 168 (109)
39 48 989 (103)
39 48 1333 (75)
39 48 10943 (79)
39 48 2792 (131)
39 48 342 (98)
39 48 622 (90)
39 48 2075 (97)
39 48 3759 (106)
39 48 652 (84)
39 48 13032 (88)
39 48 204 (96)
39 48 1081 (93)
39 48 3964 (110)
39 48 1360 (79)
39 48 921 (94)
39 48 1655 (105)
39 48 215 (114)
39 48 1027 (108)
39 48 164 (95)
39 48 3827 (95)
39 48 262 (95)
39 48 433 (89)
39 48 2633 (79)
39 48 10525 (97)
39 48 397 (121)
39 48 1638 (113)
39 48 195 (88)
39 48 2191 (86)
39 48 2215 (87)
39 48 2495 (105)
39 48 4524 (85)
39 48 96 (92)
39 48 497 (87)
39 48 751 (92)
39 48 984 (107)
39 48 10442 (110)
39 48 13174 (83)
38 48 1529 (92)
38 39 1529 (148)
39 48 1529 (80)
39 48 2091 (100)
39 48 7975 (94)
39 48 12982 (89)
39 48 75 (118)
39 48 2325 (101)
39 48 4393 (92)
39 48 4650 (83)
39 48 13334 (85)
41 16430 16431 (75)
48 16430 16431 (126)
39 16430 16431 (131)
39 48 16431 (83)
39 48 1196 (103)
39 48 1209 (120)
39 48 1444 (111)
39 48 1808 (105)
39 48 12933 (100)
15 39 48 (101)
39 48 610 (87)
39 48 993 (89)
39 48 1425 (84)
38 41 3904 (85)
39 41 3904 (78)
38 48 3904 (132)
38 39 3904 (189)
39 48 3904 (123)
39 48 2468 (95)
39 48 10490 (113)
39 48 643 (109)
39 48 203 (112)
39 48 734 (155)
39 48 727 (120)
39 48 3510 (104)
39 48 2254 (109)
39 48 1308 (90)
39 48 5051 (97)
39 48 653 (94)
39 48 2065 (114)
39 48 2626 (103)
39 48 785 (93)
39 48 817 (80)
39 48 978 (106)
39 48 2187 (105)
39 48 7205 (94)
38 48 390 (132)
38 39 390 (160)
39 48 390 (109)
39 48 1930 (111)
39 48 1973 (96)
39 48 2015 (121)
39 48 2115 (122)
39 48 232 (98)
39 48 2991 (93)
39 48 640 (122)
39 48 829 (109)
39 48 1619 (129)
38 48 370 (136)
38 39 370 (165)
39 48 370 (101)
32 48 1046 (124)
32 39 1046 (117)
39 48 1046 (85)
39 48 903 (107)
39 48 2492 (92)
39 48 12935 (144)
39 48 424 (114)
38 48 840 (140)
38 39 840 (158)
39 48 840 (100)
39 48 1082 (83)
39 48 1562 (87)
39 48 730 (120)
39 48 10656 (106)
39 48 2552 (110)
39 48 2353 (116)
39 48 1257 (134)
39 48 13443 (93)
39 48 176 (101)
39 48 341 (115)
39 48 715 (122)
39 48 1361 (103)
39 48 8691 (144)
39 48 3502 (123)
39 48 1214 (93)
39 48 2208 (107)
39 48 1313 (130)
39 48 1481 (129)
39 41 1859 (82)
39 48 1859 (98)
39 48 13189 (112)
39 48 694 (116)
39 48 1277 (113)
39 48 2515 (105)
39 48 2523 (127)
39 48 10491 (125)
39 48 1103 (132)
39 48 365 (126)
39 48 1003 (126)
39 48 1062 (116)
12 39 48 (114)
39 48 12943 (98)
39 48 514 (135)
39 48 2241 (146)
39 48 14099 (128)
39 48 842 (104)
39 48 1066 (120)
39 48 1052 (107)
39 48 3799 (141)
39 48 9555 (107)
39 48 10653 (115)
39 48 16430 (94)
39 48 246 (130)
39 48 1126 (118)
39 48 1158 (103)
39 48 415 (131)
39 48 830 (135)
39 48 2775 (121)
39 48 8985 (121)
39 48 1585 (126)
39 48 4698 (147)
39 48 248 (139)
39 2284 2505 (90)
39 48 2505 (137)
39 48 3361 (125)
39 48 12951 (137)
39 48 1486 (135)
39 48 1513 (143)
39 48 9501 (113)
39 48 1000 (119)
39 48 2343 (107)
41 48 352 (81)
39 41 352 (81)
39 48 352 (104)
39 48 1557 (127)
39 48 351 (96)
39 48 547 (118)
39 41 1543 (76)
39 48 1543 (144)
39 48 2056 (128)
39 48 319 (125)
39 41 384 (78)
39 48 384 (122)
39 48 1113 (119)
39 48 591 (150)
39 41 432 (76)
39 48 432 (114)
39 48 2987 (131)
39 48 490 (140)
32 38 47 (95)
38 47 48 (181)
38 39 47 (216)
39 47 48 (139)
39 48 1659 (137)
39 48 2673 (148)
39 48 979 (163)
39 48 178 (133)
39 41 1121 (84)
39 48 1121 (136)
39 48 2135 (164)
39 48 831 (165)
39 48 793 (144)
39 48 12959 (99)
39 48 1867 (133)
39 48 2051 (157)
39 48 2399 (129)
39 48 1704 (126)
39 48 10444 (148)
39 48 80 (150)
39 48 136 (153)
39 41 2184 (79)
39 48 2184 (146)
38 41 281 (87)
38 48 281 (194)
38 39 281 (201)
39 48 281 (143)
39 48 1020 (127)
39 48 1404 (150)
39 48 2329 (152)
39 48 345 (145)
39 48 1677 (155)
39 48 2879 (140)
39 48 1987 (150)
39 48 798 (154)
39 48 418 (147)
39 48 808 (119)
39 48 14933 (152)
39 48 1479 (144)
39 48 408 (149)
32 38 790 (80)
38 41 790 (130)
41 48 790 (90)
39 41 790 (101)
38 48 790 (199)
38 39 790 (242)
39 48 790 (165)
39 48 52 (165)
39 48 910 (149)
39 48 2080 (129)
39 41 571 (75)
39 48 571 (168)
41 48 208 (101)
39 41 208 (111)
39 48 208 (153)
39 41 2168 (82)
39 48 2168 (136)
39 48 916 (163)
39 48 53 (180)
39 48 426 (191)
39 41 855 (81)
39 48 855 (155)
39 48 856 (136)
39 48 1714 (146)
39 48 704 (134)
39 41 913 (76)
39 48 913 (157)
39 48 2118 (158)
32 38 56 (80)
38 41 56 (82)
38 48 56 (205)
38 39 56 (245)
39 48 56 (157)
39 41 94 (87)
39 48 94 (148)
39 48 398 (159)
39 175 1355 (80)
39 41 1355 (78)
39 48 1355 (142)
39 41 2284 (86)
39 48 2284 (163)
39 48 261 (173)
41 48 961 (78)
39 41 961 (81)
39 48 961 (174)
30 39 48 (161)
2 39 48 (124)
39 48 623 (145)
39 48 1043 (161)
39 48 155 (144)
39 48 4883 (144)
39 48 12946 (148)
39 48 1417 (159)
39 48 62 (129)
39 48 1693 (165)
39 41 297 (78)
39 48 297 (170)
39 41 878 (81)
39 48 878 (157)
39 48 581 (183)
48 107 1067 (75)
41 48 1067 (84)
39 41 1067 (88)
39 48 1067 (168)
39 48 2383 (180)
39 48 4336 (154)
39 48 675 (202)
39 48 1239 (167)
39 41 1872 (78)
39 48 1872 (155)
39 41 374 (91)
39 48 374 (167)
39 41 846 (107)
39 48 846 (137)
39 48 150 (165)
39 48 885 (161)
39 48 209 (134)
39 48 809 (197)
39 48 425 (200)
41 48 2437 (83)
39 41 2437 (82)
39 48 2437 (161)
32 39 789 (79)
41 48 789 (94)
39 41 789 (112)
39 48 789 (213)
39 48 947 (147)
41 48 1783 (76)
39 41 1783 (85)
39 48 1783 (165)
39 48 2199 (187)
39 48 2046 (147)
8978 16010 16011 (77)
41 8978 16010 (79)
48 8978 16010 (95)
39 8978 16010 (114)
41 48 8978 (133)
39 41 8978 (168)
39 48 8978 (200)
39 48 420 (160)
39 41 10446 (78)
39 48 10446 (158)
39 41 267 (83)
38 48 267 (78)
38 39 267 (77)
39 48 267 (218)
39 48 865 (196)
48 249 1144 (75)
39 249 1144 (77)
39 48 1144 (180)
39 48 251 (153)
32 39 1715 (75)
41 48 1715 (94)
39 41 1715 (108)
39 48 1715 (178)
39 41 1986 (78)
38 39 1986 (79)
39 48 1986 (197)
41 48 15618 (92)
39 41 15618 (99)
39 48 15618 (156)
39 48 441 (175)
41 48 279 (80)
39 41 279 (92)
39 48 279 (197)
39 41 272 (77)
39 48 272 (190)
32 48 1135 (111)
32 39 1135 (90)
41 48 1135 (101)
39 41 1135 (86)
38 48 1135 (88)
39 48 1135 (262)
41 48 1198 (101)
39 41 1198 (119)
39 48 1198 (182)
32 38 105 (95)
38 41 105 (103)
39 41 105 (82)
38 48 105 (252)
38 39 105 (302)
39 48 105 (196)
41 48 340 (77)
39 41 340 (79)
39 48 340 (191)
32 16010 16011 (100)
41 16010 16011 (161)
48 16010 16011 (248)
39 16010 16011 (277)
41 48 16011 (115)
39 41 16011 (134)
39 48 16011 (186)
32 48 186 (80)
32 39 186 (75)
41 48 186 (88)
39 41 186 (86)
39 48 186 (228)
39 48 407 (209)
41 1146 3616 (77)
48 1146 3616 (127)
39 1146 3616 (146)
41 48 3616 (91)
39 41 3616 (108)
38 39 3616 (76)
39 48 3616 (199)
41 48 681 (75)
39 41 681 (88)
39 48 681 (192)
10 39 41 (79)
10 39 48 (217)
39 41 379 (76)
39 48 379 (187)
39 41 259 (76)
39 48 259 (173)
41 48 1814 (86)
39 41 1814 (83)
39 48 1814 (232)
41 48 396 (85)
39 41 396 (92)
39 48 396 (194)
39 41 260 (86)
38 39 260 (84)
39 48 260 (197)
32 39 269 (76)
41 48 269 (75)
39 41 269 (81)
38 39 269 (77)
39 48 269 (217)
11 41 48 (97)
11 39 41 (112)
11 39 48 (235)
41 48 464 (92)
39 41 464 (100)
39 48 464 (208)
39 41 535 (80)
39 48 535 (184)
38 41 55 (119)
39 41 55 (105)
38 48 55 (224)
38 39 55 (306)
39 48 55 (178)
38 39 12929 (77)
39 48 12929 (219)
32 48 488 (76)
39 48 488 (197)
39 48 449 (170)
32 48 772 (80)
39 41 772 (78)
39 48 772 (193)
39 175 806 (88)
41 48 806 (75)
39 41 806 (97)
38 48 806 (77)
38 39 806 (90)
39 48 806 (215)
39 41 1435 (83)
39 48 1435 (211)
23 41 48 (80)
23 39 41 (109)
23 39 48 (222)
48 107 549 (77)
41 48 107 (89)
39 41 107 (93)
39 48 107 (215)
38 39 664 (98)
39 48 664 (210)
39 48 334 (221)
32 38 371 (87)
38 41 371 (123)
41 48 371 (76)
39 41 371 (99)
38 48 371 (264)
38 39 371 (363)
39 48 371 (210)
32 48 1344 (76)
32 39 1344 (77)
41 48 1344 (123)
39 41 1344 (155)
38 39 1344 (96)
39 48 1344 (222)
32 39 103 (78)
41 48 103 (78)
39 41 103 (96)
38 39 103 (88)
39 48 103 (214)
39 48 703 (204)
32 48 812 (79)
39 41 812 (86)
39 48 812 (209)
41 48 766 (96)
39 41 766 (109)
39 48 766 (246)
32 39 570 (75)
41 48 570 (105)
39 41 570 (121)
38 39 570 (84)
39 48 570 (279)
48 117 976 (111)
39 117 976 (110)
41 48 976 (75)
39 41 976 (92)
39 48 976 (214)
41 48 156 (78)
39 41 156 (85)
38 48 156 (80)
38 39 156 (91)
39 48 156 (258)
32 48 229 (90)
32 39 229 (86)
41 48 229 (106)
39 41 229 (108)
38 48 229 (106)
38 39 229 (97)
39 48 229 (267)
32 39 1600 (75)
41 48 1600 (89)
39 41 1600 (104)
39 48 1600 (220)
41 48 544 (89)
39 41 544 (106)
39 48 544 (237)
32 48 549 (86)
32 39 549 (84)
41 48 549 (99)
39 41 549 (110)
39 48 549 (239)
32 48 389 (87)
32 39 389 (99)
41 48 389 (90)
39 41 389 (113)
38 48 389 (91)
38 39 389 (108)
39 48 389 (244)
18 32 48 (84)
18 32 39 (89)
18 41 48 (98)
18 39 41 (108)
18 38 39 (78)
18 39 48 (233)
41 48 649 (94)
39 41 649 (100)
38 48 649 (80)
38 39 649 (91)
39 48 649 (255)
32 48 76 (76)
32 39 76 (80)
41 48 76 (106)
39 41 76 (126)
39 48 76 (241)
32 39 1578 (85)
41 48 1578 (80)
39 41 1578 (97)
38 39 1578 (88)
39 48 1578 (232)
38 39 242 (90)
39 48 242 (198)
32 48 2958 (134)
32 39 2958 (99)
41 48 2958 (142)
39 41 2958 (117)
38 48 2958 (112)
38 39 2958 (105)
39 48 2958 (386)
41 45 48 (76)
39 41 45 (93)
38 39 45 (83)
39 45 48 (250)
32 48 956 (95)
32 39 956 (95)
41 48 956 (115)
39 41 956 (125)
38 39 956 (81)
39 48 956 (289)
48 405 10515 (114)
39 405 10515 (123)
41 48 10515 (85)
39 41 10515 (85)
39 48 10515 (271)
32 39 405 (87)
39 41 405 (81)
38 39 405 (76)
39 48 405 (248)
32 48 479 (75)
32 39 479 (83)
41 48 479 (93)
39 41 479 (111)
39 48 479 (257)
41 48 264 (114)
39 41 264 (129)
38 48 264 (114)
38 39 264 (139)
39 48 264 (286)
31 32 48 (81)
31 32 39 (92)
31 41 48 (95)
31 39 41 (112)
31 38 39 (87)
31 39 48 (240)
39 175 225 (76)
32 48 175 (75)
32 39 175 (80)
41 48 175 (133)
39 41 175 (164)
38 48 175 (85)
38 39 175 (117)
39 48 175 (261)
32 48 3270 (85)
32 39 3270 (78)
41 48 3270 (101)
39 41 3270 (99)
38 48 3270 (89)
38 39 3270 (95)
39 48 3270 (300)
32 48 783 (81)
32 39 783 (95)
41 48 783 (104)
39 41 783 (116)
38 39 783 (76)
39 48 783 (305)
19 32 48 (84)
19 41 48 (100)
19 39 41 (100)
19 39 48 (288)
32 48 522 (79)
32 39 522 (85)
41 48 522 (101)
39 41 522 (116)
39 48 522 (288)
32 48 179 (118)
32 39 179 (120)
41 48 179 (116)
39 41 179 (138)
38 48 179 (76)
38 39 179 (91)
39 48 179 (317)
32 48 117 (93)
32 39 117 (80)
41 48 117 (111)
39 41 117 (130)
39 48 117 (244)
32 48 258 (100)
32 39 258 (109)
41 48 258 (132)
39 41 258 (141)
38 48 258 (87)
38 39 258 (81)
39 48 258 (338)
32 48 13041 (104)
32 39 13041 (100)
41 48 13041 (190)
39 41 13041 (212)
38 48 13041 (78)
38 39 13041 (88)
39 48 13041 (305)
32 39 161 (82)
41 48 161 (98)
39 41 161 (125)
38 39 161 (107)
39 48 161 (265)
32 48 78 (126)
32 39 78 (108)
41 48 78 (116)
39 41 78 (111)
38 48 78 (113)
38 39 78 (118)
39 48 78 (431)
32 48 677 (129)
32 39 677 (112)
41 48 677 (102)
39 41 677 (112)
38 39 677 (75)
39 48 677 (302)
32 48 589 (94)
32 39 589 (105)
41 48 589 (96)
39 41 589 (118)
38 39 589 (86)
39 48 589 (311)
32 48 1004 (118)
32 39 1004 (117)
41 48 1004 (88)
39 41 1004 (91)
38 48 1004 (75)
38 39 1004 (80)
39 48 1004 (265)
32 37 38 (125)
32 37 48 (79)
32 37 39 (92)
37 38 41 (176)
37 41 48 (119)
37 39 41 (144)
37 38 48 (396)
37 38 39 (493)
37 39 48 (308)
32 48 49 (122)
32 39 49 (109)
41 48 49 (131)
39 41 49 (131)
38 48 49 (132)
38 39 49 (136)
39 48 49 (455)
32 48 201 (87)
32 39 201 (86)
41 48 201 (125)
39 41 201 (123)
38 48 201 (75)
39 48 201 (303)
32 38 286 (151)
32 48 286 (89)
32 39 286 (104)
38 41 286 (174)
41 48 286 (111)
39 41 286 (142)
38 48 286 (406)
38 39 286 (506)
39 48 286 (325)
32 48 548 (118)
32 39 548 (117)
41 48 548 (115)
39 41 548 (120)
38 48 548 (98)
38 39 548 (96)
39 48 548 (326)
32 48 15832 (91)
32 39 15832 (106)
41 48 15832 (183)
39 41 15832 (232)
38 39 15832 (79)
39 48 15832 (307)
32 48 1393 (92)
32 39 1393 (105)
41 48 1393 (100)
39 41 1393 (127)
38 48 1393 (90)
38 39 1393 (110)
39 48 1393 (334)
32 48 301 (134)
32 39 301 (126)
41 48 301 (112)
39 41 301 (130)
39 48 301 (322)
39 237 249 (86)
32 48 249 (79)
32 39 249 (82)
41 48 249 (125)
39 41 249 (150)
38 48 249 (113)
38 39 249 (145)
39 48 249 (355)
41 48 740 (78)
39 41 740 (118)
38 48 740 (75)
38 39 740 (117)
39 48 740 (282)
32 48 824 (123)
32 39 824 (101)
41 48 824 (148)
39 41 824 (155)
38 48 824 (81)
38 39 824 (77)
39 48 824 (322)
32 48 592 (109)
32 39 592 (124)
41 48 592 (147)
39 41 592 (175)
38 48 592 (92)
38 39 592 (100)
39 48 592 (365)
32 48 16217 (84)
32 39 16217 (84)
41 48 16217 (204)
39 41 16217 (243)
38 48 16217 (90)
38 39 16217 (100)
39 48 16217 (340)
32 48 604 (108)
32 39 604 (112)
41 48 604 (144)
39 41 604 (174)
38 48 604 (98)
38 39 604 (113)
39 48 604 (398)
32 48 338 (117)
32 39 338 (102)
41 48 338 (124)
39 41 338 (132)
38 48 338 (92)
38 39 338 (95)
39 48 338 (371)
32 48 123 (114)
32 39 123 (111)
41 48 123 (113)
39 41 123 (123)
38 48 123 (78)
38 39 123 (82)
39 48 123 (349)
32 48 16010 (133)
32 39 16010 (124)
41 48 16010 (221)
39 41 16010 (250)
38 48 16010 (82)
38 39 16010 (100)
39 48 16010 (361)
32 48 14098 (98)
32 39 14098 (106)
41 48 14098 (86)
39 41 14098 (94)
38 48 14098 (78)
38 39 14098 (103)
39 48 14098 (400)
32 48 185 (116)
32 39 185 (125)
41 48 185 (145)
39 41 185 (152)
38 48 185 (98)
38 39 185 (105)
39 48 185 (383)
9 32 48 (105)
9 32 39 (109)
9 41 48 (164)
9 39 41 (167)
9 38 48 (85)
9 38 39 (103)
9 39 48 (404)
32 41 1146 (102)
32 48 1146 (144)
32 39 1146 (151)
38 41 1146 (84)
41 48 1146 (226)
39 41 1146 (286)
38 48 1146 (127)
38 39 1146 (167)
39 48 1146 (436)
32 48 12925 (105)
32 39 12925 (97)
39 41 12925 (97)
38 48 12925 (115)
38 39 12925 (157)
39 48 12925 (419)
32 48 533 (120)
32 39 533 (121)
41 48 533 (177)
39 41 533 (195)
38 48 533 (122)
38 39 533 (128)
39 48 533 (436)
32 48 255 (181)
32 39 255 (173)
41 48 255 (186)
39 41 255 (192)
38 48 255 (135)
38 39 255 (149)
39 48 255 (575)
48 60 89 (77)
32 48 60 (108)
32 39 60 (125)
41 48 60 (117)
39 41 60 (159)
38 48 60 (96)
38 39 60 (114)
39 48 60 (432)
39 79 225 (80)
32 41 79 (90)
32 48 79 (155)
32 39 79 (175)
41 48 79 (230)
39 41 79 (263)
38 48 79 (135)
38 39 79 (165)
39 48 79 (492)
48 270 2238 (96)
39 270 2238 (132)
225 270 271 (98)
32 270 271 (94)
41 270 271 (147)
38 270 271 (103)
48 270 271 (240)
39 270 271 (338)
48 225 270 (114)
39 225 270 (164)
32 41 270 (92)
32 48 270 (175)
32 39 270 (178)
38 41 270 (79)
41 48 270 (200)
39 41 270 (272)
38 48 270 (164)
38 39 270 (194)
39 48 270 (492)
48 271 2238 (104)
39 271 2238 (147)
41 225 2238 (88)
48 225 2238 (149)
39 225 2238 (222)
32 41 2238 (90)
32 48 2238 (143)
32 39 2238 (179)
38 41 2238 (100)
41 48 2238 (264)
39 41 2238 (342)
38 48 2238 (166)
38 39 2238 (215)
39 48 2238 (543)
32 48 1327 (128)
32 39 1327 (137)
38 41 1327 (108)
41 48 1327 (210)
39 41 1327 (262)
38 48 1327 (146)
38 39 1327 (198)
39 48 1327 (504)
48 65 147 (79)
39 65 147 (78)
32 41 147 (82)
32 48 147 (159)
32 39 147 (175)
38 41 147 (87)
41 48 147 (204)
39 41 147 (244)
38 48 147 (155)
38 39 147 (185)
39 48 147 (523)
32 48 413 (158)
32 39 413 (146)
41 48 413 (197)
39 41 413 (211)
38 48 413 (144)
38 39 413 (155)
39 48 413 (529)
32 48 438 (162)
32 39 438 (171)
41 48 438 (200)
39 41 438 (266)
38 48 438 (148)
38 39 438 (190)
39 48 438 (549)
41 225 271 (87)
48 225 271 (155)
39 225 271 (220)
48 65 271 (77)
39 65 271 (78)
32 41 271 (110)
32 48 271 (182)
32 39 271 (215)
41 48 271 (249)
39 41 271 (328)
38 48 271 (160)
38 39 271 (198)
39 48 271 (579)
48 237 475 (94)
39 237 475 (85)
48 89 475 (89)
39 89 475 (95)
48 65 475 (86)
39 65 475 (88)
32 41 475 (108)
32 48 475 (215)
32 39 475 (229)
38 41 475 (101)
41 48 475 (307)
39 41 475 (345)
38 48 475 (209)
38 39 475 (219)
39 48 475 (765)
48 89 101 (105)
39 89 101 (98)
48 65 101 (92)
39 65 101 (100)
32 41 101 (77)
32 48 101 (177)
32 39 101 (185)
38 41 101 (93)
41 48 101 (231)
39 41 101 (262)
38 48 101 (167)
38 39 101 (187)
39 48 101 (651)
48 237 310 (93)
39 237 310 (91)
48 225 310 (82)
39 225 310 (95)
48 89 310 (138)
39 89 310 (140)
48 65 310 (112)
39 65 310 (112)
32 41 310 (126)
32 48 310 (274)
32 39 310 (260)
38 41 310 (119)
41 48 310 (382)
39 41 310 (424)
38 48 310 (212)
38 39 310 (231)
39 48 310 (947)
36 38 110 (131)
36 39 110 (94)
38 110 170 (107)
39 110 170 (85)
38 89 110 (77)
32 41 110 (81)
32 38 110 (276)
32 48 110 (167)
32 39 110 (184)
38 41 110 (445)
41 48 110 (291)
39 41 110 (352)
38 48 110 (910)
38 39 110 (1162)
39 48 110 (695)
36 38 237 (112)
36 39 237 (92)
36 38 170 (148)
36 48 170 (76)
36 39 170 (105)
36 38 225 (106)
36 39 225 (89)
36 38 89 (112)
36 48 89 (82)
36 39 89 (92)
36 38 65 (113)
36 48 65 (77)
36 39 65 (96)
32 36 41 (96)
32 36 38 (331)
32 36 48 (188)
32 36 39 (237)
36 38 41 (490)
36 41 48 (290)
36 39 41 (420)
36 38 48 (968)
36 38 39 (1404)
36 39 48 (793)
38 170 237 (100)
39 170 237 (80)
48 225 237 (76)
39 225 237 (78)
48 89 237 (127)
39 89 237 (140)
48 65 237 (108)
39 65 237 (108)
32 41 237 (94)
32 38 237 (101)
32 48 237 (259)
32 39 237 (248)
38 41 237 (146)
41 48 237 (246)
39 41 237 (325)
38 48 237 (284)
38 39 237 (359)
39 48 237 (879)
38 170 225 (92)
38 89 170 (121)
48 89 170 (99)
39 89 170 (93)
38 65 170 (82)
32 41 170 (106)
32 38 170 (367)
32 48 170 (217)
32 39 170 (234)
38 41 170 (551)
41 48 170 (340)
39 41 170 (434)
38 48 170 (1073)
38 39 170 (1403)
39 48 170 (835)
48 89 225 (99)
39 89 225 (102)
48 65 225 (95)
39 65 225 (105)
32 41 225 (140)
32 38 225 (118)
32 48 225 (264)
32 39 225 (329)
38 41 225 (160)
41 48 225 (381)
39 41 225 (516)
38 48 225 (277)
38 39 225 (375)
39 48 225 (980)
48 65 89 (174)
39 65 89 (157)
32 41 89 (129)
32 38 89 (106)
32 48 89 (388)
32 39 89 (360)
38 41 89 (154)
41 48 89 (454)
39 41 89 (455)
38 48 89 (416)
38 39 89 (417)
39 48 89 (1510)
32 41 65 (149)
32 38 65 (90)
32 48 65 (350)
32 39 65 (365)
38 41 65 (154)
41 48 65 (451)
39 41 65 (536)
38 48 65 (293)
38 39 65 (346)
39 48 65 (1274)
32 38 41 (547)
32 41 48 (1444)
32 39 41 (1649)
32 38 48 (1124)
32 38 39 (1266)
32 39 48 (3790)
38 41 48 (1658)
38 39 41 (2119)
39 41 48 (5181)
38 39 48 (4220)
39 48 16430 16431 (82)
38 39 41 3904 (75)
38 39 48 3904 (119)
38 39 48 390 (102)
38 39 48 370 (99)
32 39 48 1046 (82)
38 39 48 840 (99)
38 39 47 48 (138)
38 39 48 281 (137)
38 41 48 790 (89)
38 39 41 790 (100)
39 41 48 790 (76)
38 39 48 790 (162)
39 41 48 208 (85)
38 39 48 56 (153)
39 41 48 789 (86)
39 48 8978 16010 (81)
39 41 48 8978 (120)
39 41 48 1715 (81)
39 41 48 15618 (80)
32 39 48 1135 (81)
39 41 48 1135 (80)
39 41 48 1198 (86)
38 39 41 105 (81)
38 39 48 105 (196)
41 48 16010 16011 (111)
39 41 16010 16011 (131)
39 48 16010 16011 (182)
39 41 48 16011 (98)
39 41 48 186 (75)
39 48 1146 3616 (90)
11 39 41 48 (84)
39 41 48 464 (76)
38 39 41 55 (102)
38 39 48 55 (171)
39 41 48 107 (75)
38 41 48 371 (76)
38 39 41 371 (98)
38 39 48 371 (209)
39 41 48 1344 (108)
39 41 48 766 (87)
39 41 48 570 (94)
39 41 48 229 (89)
38 39 48 229 (84)
39 41 48 1600 (75)
39 41 48 544 (76)
39 41 48 549 (80)
39 41 48 389 (79)
18 39 41 48 (78)
39 41 48 76 (85)
32 39 48 2958 (94)
39 41 48 2958 (110)
38 39 48 2958 (90)
32 39 48 956 (76)
39 41 48 956 (93)
39 48 405 10515 (85)
39 41 48 479 (76)
39 41 48 264 (98)
38 39 48 264 (93)
39 41 48 175 (117)
39 41 48 3270 (78)
38 39 48 3270 (76)
39 41 48 783 (87)
19 39 41 48 (86)
39 41 48 522 (81)
32 39 48 179 (85)
39 41 48 179 (102)
39 41 48 117 (87)
32 39 48 258 (78)
39 41 48 258 (111)
32 39 48 13041 (75)
39 41 48 13041 (155)
39 41 48 161 (82)
32 39 48 78 (89)
39 41 48 78 (94)
38 39 48 78 (92)
32 39 48 677 (84)
39 41 48 677 (82)
32 39 48 1004 (81)
32 37 38 48 (79)
32 37 38 39 (92)
37 38 41 48 (119)
37 38 39 41 (143)
37 39 41 48 (103)
37 38 39 48 (303)
32 39 48 49 (95)
39 41 48 49 (109)
38 39 48 49 (110)
39 41 48 201 (96)
32 38 48 286 (88)
32 38 39 286 (103)
38 41 48 286 (109)
38 39 41 286 (138)
39 41 48 286 (93)
38 39 48 286 (321)
32 39 48 548 (86)
39 41 48 548 (94)
38 39 48 548 (75)
39 41 48 15832 (157)
39 41 48 1393 (92)
38 39 48 1393 (75)
32 39 48 301 (96)
39 41 48 301 (94)
39 41 48 249 (109)
38 39 48 249 (102)
39 41 48 824 (115)
32 39 48 592 (90)
39 41 48 592 (127)
38 39 48 592 (76)
39 41 48 16217 (170)
32 39 48 604 (84)
39 41 48 604 (129)
38 39 48 604 (83)
32 39 48 338 (85)
39 41 48 338 (100)
39 41 48 123 (87)
32 39 48 16010 (92)
39 41 48 16010 (186)
32 39 48 185 (82)
39 41 48 185 (114)
38 39 48 185 (78)
9 32 39 48 (77)
9 39 41 48 (134)
32 39 48 1146 (99)
39 41 48 1146 (186)
38 39 48 1146 (101)
38 39 48 12925 (98)
32 39 48 533 (85)
39 41 48 533 (149)
38 39 48 533 (101)
32 39 48 255 (142)
39 41 48 255 (158)
38 39 48 255 (115)
32 39 48 60 (89)
39 41 48 60 (104)
38 39 48 60 (81)
32 39 48 79 (122)
39 41 48 79 (187)
38 39 48 79 (108)
39 48 270 2238 (81)
39 225 270 271 (79)
41 48 270 271 (78)
39 41 270 271 (123)
38 39 270 271 (75)
39 48 270 271 (189)
39 48 225 270 (101)
32 39 48 270 (127)
39 41 48 270 (168)
38 39 48 270 (131)
39 48 271 2238 (84)
39 41 225 2238 (77)
39 48 225 2238 (135)
32 39 48 2238 (111)
38 39 41 2238 (86)
39 41 48 2238 (231)
38 39 48 2238 (135)
32 39 48 1327 (93)
38 39 41 1327 (98)
39 41 48 1327 (179)
38 39 48 1327 (124)
32 39 48 147 (113)
39 41 48 147 (167)
38 39 48 147 (125)
32 39 48 413 (108)
39 41 48 413 (159)
38 39 48 413 (119)
32 39 48 438 (126)
39 41 48 438 (184)
38 39 48 438 (118)
39 48 225 271 (128)
32 39 41 271 (86)
32 39 48 271 (135)
39 41 48 271 (198)
38 39 48 271 (130)
39 48 89 475 (75)
32 41 48 475 (83)
32 39 41 475 (95)
32 39 48 475 (166)
38 41 48 475 (78)
38 39 41 475 (85)
39 41 48 475 (271)
38 39 48 475 (170)
39 48 89 101 (81)
32 39 48 101 (124)
39 41 48 101 (185)
38 39 48 101 (127)
39 48 89 310 (123)
39 48 65 310 (96)
32 41 48 310 (103)
32 39 41 310 (106)
32 39 48 310 (214)
38 41 48 310 (94)
38 39 41 310 (102)
39 41 48 310 (337)
38 39 48 310 (176)
36 38 39 110 (94)
38 39 110 170 (85)
32 38 41 110 (80)
32 38 48 110 (164)
32 38 39 110 (182)
32 39 48 110 (133)
38 41 48 110 (289)
38 39 41 110 (348)
39 41 48 110 (243)
38 39 48 110 (690)
36 38 39 237 (90)
36 38 48 170 (76)
36 38 39 170 (104)
36 38 39 225 (86)
36 38 48 89 (81)
36 38 39 89 (92)
36 38 48 65 (76)
36 38 39 65 (94)
32 36 38 41 (91)
32 36 39 41 (77)
32 36 38 48 (182)
32 36 38 39 (223)
32 36 39 48 (143)
36 38 41 48 (282)
36 38 39 41 (406)
36 39 41 48 (253)
36 38 39 48 (768)
38 39 170 237 (78)
39 48 89 237 (110)
39 48 65 237 (87)
32 38 39 237 (81)
32 39 48 237 (183)
38 41 48 237 (90)
38 39 41 237 (124)
39 41 48 237 (206)
38 39 48 237 (245)
38 48 89 170 (99)
38 39 89 170 (92)
39 48 89 170 (77)
32 38 41 170 (104)
32 39 41 170 (81)
32 38 48 170 (216)
32 38 39 170 (229)
32 39 48 170 (150)
38 41 48 170 (336)
38 39 41 170 (428)
39 41 48 170 (287)
38 39 48 170 (828)
39 48 89 225 (82)
39 48 65 225 (76)
32 41 48 225 (87)
32 39 41 225 (121)
32 38 48 225 (78)
32 38 39 225 (85)
32 39 48 225 (216)
38 41 48 225 (100)
38 39 41 225 (142)
39 41 48 225 (328)
38 39 48 225 (235)
39 48 65 89 (134)
32 41 48 89 (108)
32 39 41 89 (110)
32 38 48 89 (87)
32 38 39 89 (88)
32 39 48 89 (303)
38 41 48 89 (131)
38 39 41 89 (126)
39 41 48 89 (390)
38 39 48 89 (333)
32 41 48 65 (106)
32 39 41 65 (115)
32 39 48 65 (259)
38 41 48 65 (108)
38 39 41 65 (129)
39 41 48 65 (375)
38 39 48 65 (236)
32 38 41 48 (362)
32 38 39 41 (419)
32 39 41 48 (1144)
32 38 39 48 (850)
38 39 41 48 (1380)
38 39 41 48 790 (75)
39 41 48 16010 16011 (96)
37 38 39 41 48 (103)
38 39 41 48 286 (91)
32 39 41 48 310 (90)
38 39 41 48 310 (83)
32 38 39 48 110 (132)
38 39 41 48 110 (242)
32 36 38 39 48 (139)
36 38 39 41 48 (246)
38 39 41 48 237 (81)
38 39 48 89 170 (77)
32 38 39 41 170 (79)
32 38 39 48 170 (149)
38 39 41 48 170 (284)
32 39 41 48 225 (82)
38 39 41 48 225 (91)
32 39 41 48 89 (94)
38 39 41 48 89 (113)
32 39 41 48 65 (86)
38 39 41 48 65 (91)
32 38 39 41 48 (298)
