(59602)
1 (186)
2 (377)
5 (202)
9 (976)
10 (478)
11 (490)
12 (285)
15 (239)
18 (610)
19 (679)
23 (530)
30 (376)
31 (649)
32 (10414)
36 (2104)
37 (783)
38 (10844)
39 (34873)
41 (10460)
45 (634)
47 (314)
48 (29349)
49 (786)
50 (170)
52 (349)
53 (360)
55 (503)
56 (368)
60 (1058)
62 (387)
65 (3116)
66 (212)
69 (168)
75 (235)
76 (620)
77 (168)
78 (740)
79 (1122)
80 (326)
82 (195)
89 (2700)
94 (368)
95 (196)
96 (232)
98 (163)
101 (1544)
103 (538)
104 (171)
105 (456)
107 (530)
108 (154)
110 (1876)
116 (196)
117 (701)
123 (893)
128 (193)
133 (183)
136 (326)
141 (156)
147 (1267)
150 (411)
151 (151)
155 (380)
156 (562)
161 (721)
164 (228)
165 (188)
166 (214)
167 (179)
168 (217)
169 (192)
170 (2129)
171 (171)
175 (658)
176 (272)
178 (317)
179 (693)
185 (969)
186 (466)
189 (178)
193 (150)
195 (231)
197 (151)
199 (153)
200 (168)
201 (795)
203 (244)
204 (222)
205 (173)
206 (186)
208 (355)
209 (413)
213 (215)
215 (227)
220 (168)
222 (154)
225 (2269)
227 (221)
229 (562)
232 (257)
234 (198)
235 (210)
237 (2123)
242 (627)
244 (180)
246 (292)
248 (298)
249 (825)
250 (196)
251 (432)
255 (1050)
256 (173)
258 (704)
259 (480)
260 (489)
261 (371)
262 (229)
264 (647)
267 (429)
269 (489)
270 (1187)
271 (1475)
272 (452)
278 (207)
279 (449)
281 (328)
282 (164)
285 (173)
286 (796)
297 (389)
301 (823)
308 (179)
309 (215)
310 (1780)
319 (307)
320 (213)
334 (532)
338 (892)
340 (457)
341 (272)
342 (219)
344 (174)
345 (331)
346 (213)
347 (181)
350 (169)
351 (305)
352 (303)
365 (284)
370 (261)
371 (534)
374 (409)
379 (479)
384 (307)
388 (168)
389 (602)
390 (253)
392 (167)
396 (487)
397 (230)
398 (370)
399 (165)
402 (151)
405 (645)
407 (469)
408 (345)
412 (213)
413 (1292)
414 (188)
415 (293)
418 (339)
420 (423)
423 (208)
424 (264)
425 (414)
426 (360)
432 (310)
433 (229)
434 (156)
438 (1300)
440 (158)
441 (442)
442 (164)
447 (165)
449 (507)
464 (494)
475 (1520)
479 (645)
485 (152)
486 (165)
488 (506)
489 (196)
490 (312)
491 (169)
492 (198)
493 (165)
497 (232)
500 (151)
501 (208)
504 (206)
511 (191)
514 (286)
522 (690)
525 (157)
533 (1040)
534 (214)
535 (494)
536 (196)
543 (205)
544 (598)
547 (305)
548 (799)
549 (598)
550 (174)
552 (183)
560 (177)
563 (189)
565 (178)
570 (559)
571 (354)
576 (185)
581 (394)
583 (153)
587 (185)
589 (758)
591 (309)
592 (843)
596 (158)
597 (188)
599 (172)
604 (862)
606 (166)
610 (239)
611 (176)
612 (179)
615 (197)
622 (219)
623 (377)
639 (151)
640 (258)
643 (243)
647 (187)
649 (614)
650 (156)
651 (173)
652 (220)
653 (249)
660 (166)
662 (180)
664 (530)
673 (195)
675 (405)
677 (744)
681 (477)
682 (206)
684 (180)
694 (281)
697 (214)
703 (549)
704 (366)
706 (150)
708 (166)
711 (156)
715 (273)
718 (204)
727 (245)
730 (265)
734 (244)
740 (825)
749 (181)
751 (232)
753 (188)
757 (183)
759 (166)
760 (171)
764 (196)
766 (555)
767 (178)
768 (243)
769 (230)
772 (508)
783 (676)
785 (250)
789 (417)
790 (347)
793 (320)
795 (165)
798 (338)
805 (192)
806 (510)
808 (340)
809 (413)
812 (550)
817 (250)
824 (840)
829 (258)
830 (293)
831 (319)
837 (171)
840 (264)
842 (289)
846 (410)
849 (170)
851 (162)
855 (361)
856 (361)
865 (430)
878 (389)
880 (155)
885 (412)
887 (159)
896 (158)
903 (263)
907 (212)
910 (351)
911 (167)
913 (366)
916 (358)
921 (226)
924 (176)
925 (158)
926 (166)
927 (213)
932 (190)
938 (204)
947 (417)
956 (635)
961 (375)
976 (561)
978 (250)
979 (315)
984 (233)
987 (165)
989 (217)
993 (239)
1000 (302)
1001 (190)
1003 (284)
1004 (767)
1010 (190)
1012 (170)
1013 (194)
1014 (188)
1020 (329)
1023 (150)
1025 (157)
1026 (173)
1027 (227)
1034 (207)
1043 (379)
1046 (261)
1052 (290)
1062 (284)
1066 (289)
1067 (396)
1071 (161)
1072 (172)
1080 (211)
1081 (222)
1082 (264)
1085 (179)
1096 (180)
1103 (283)
1104 (169)
1113 (307)
1121 (318)
1126 (292)
1135 (455)
1143 (184)
1144 (430)
1146 (1021)
1158 (292)
1160 (158)
1161 (161)
1163 (184)
1172 (198)
1183 (184)
1185 (216)
1188 (199)
1196 (238)
1198 (455)
1209 (238)
1214 (277)
1232 (185)
1239 (405)
1249 (161)
1257 (271)
1269 (194)
1277 (282)
1280 (199)
1281 (213)
1282 (195)
1291 (190)
1294 (189)
1308 (247)
1313 (279)
1318 (160)
1327 (1266)
1332 (171)
1333 (217)
1343 (153)
1344 (536)
1345 (164)
1355 (370)
1360 (225)
1361 (275)
1372 (185)
1378 (182)
1379 (197)
1393 (808)
1395 (174)
1404 (329)
1417 (386)
1425 (240)
1435 (529)
1444 (238)
1476 (168)
1479 (344)
1481 (279)
1486 (299)
1489 (209)
1497 (177)
1513 (300)
1527 (160)
1529 (234)
1538 (151)
1543 (306)
1557 (304)
1562 (264)
1564 (211)
1578 (620)
1585 (297)
1590 (207)
1591 (181)
1593 (160)
1594 (163)
1595 (171)
1600 (564)
1602 (181)
1609 (172)
1616 (192)
1619 (258)
1629 (182)
1638 (230)
1652 (157)
1655 (226)
1659 (314)
1677 (333)
1678 (153)
1693 (388)
1698 (207)
1704 (325)
1714 (363)
1715 (434)
1741 (184)
1744 (155)
1763 (204)
1783 (420)
1784 (166)
1786 (175)
1796 (152)
1804 (188)
1808 (238)
1814 (484)
1815 (152)
1819 (166)
1831 (164)
1842 (199)
1859 (280)
1867 (323)
1872 (408)
1897 (170)
1899 (189)
1903 (188)
1930 (253)
1938 (181)
1939 (211)
1956 (209)
1964 (160)
1966 (179)
1973 (253)
1976 (195)
1986 (435)
1987 (336)
1991 (221)
1994 (166)
1996 (167)
2015 (255)
2046 (421)
2051 (323)
2052 (156)
2053 (183)
2054 (204)
2056 (306)
2065 (249)
2075 (219)
2080 (351)
2091 (234)
2097 (158)
2103 (166)
2113 (166)
2115 (256)
2118 (366)
2135 (318)
2147 (157)
2164 (196)
2167 (183)
2168 (355)
2177 (172)
2184 (327)
2186 (170)
2187 (251)
2188 (178)
2191 (231)
2199 (420)
2208 (277)
2212 (187)
2215 (231)
2225 (177)
2238 (1196)
2239 (154)
2241 (287)
2254 (246)
2259 (183)
2276 (175)
2284 (370)
2286 (152)
2325 (235)
2329 (329)
2343 (302)
2344 (189)
2350 (166)
2353 (270)
2364 (205)
2370 (186)
2375 (214)
2383 (398)
2388 (203)
2394 (155)
2399 (324)
2406 (178)
2420 (179)
2425 (214)
2437 (414)
2440 (212)
2441 (168)
2464 (198)
2468 (242)
2492 (263)
2495 (231)
2505 (298)
2506 (151)
2515 (282)
2523 (282)
2524 (211)
2528 (181)
2552 (268)
2561 (172)
2573 (184)
2596 (200)
2599 (152)
2621 (156)
2625 (200)
2626 (249)
2629 (214)
2633 (229)
2634 (178)
2635 (202)
2673 (314)
2706 (160)
2723 (171)
2728 (167)
2746 (159)
2749 (210)
2763 (180)
2775 (293)
2792 (218)
2815 (181)
2843 (180)
2856 (188)
2874 (165)
2879 (333)
2891 (150)
2894 (233)
2915 (185)
2958 (631)
2965 (199)
2983 (158)
2987 (310)
2988 (195)
2990 (162)
2991 (257)
2997 (193)
2998 (169)
3006 (156)
3012 (176)
3021 (154)
3102 (179)
3149 (164)
3151 (187)
3160 (195)
3186 (150)
3189 (180)
3194 (189)
3221 (159)
3270 (673)
3279 (184)
3291 (176)
3292 (156)
3294 (209)
3311 (152)
3315 (178)
3316 (214)
3317 (213)
3321 (168)
3361 (298)
3404 (167)
3451 (178)
3462 (186)
3502 (276)
3510 (245)
3553 (161)
3616 (470)
3635 (195)
3668 (209)
3683 (173)
3724 (169)
3735 (155)
3759 (219)
3774 (155)
3799 (290)
3808 (159)
3827 (228)
3904 (240)
3964 (224)
3966 (159)
4070 (187)
4170 (165)
4201 (171)
4207 (206)
4209 (169)
4307 (175)
4316 (169)
4336 (400)
4339 (180)
4344 (171)
4393 (235)
4524 (231)
4630 (159)
4642 (186)
4650 (236)
4685 (185)
4698 (297)
4720 (158)
4779 (203)
4883 (380)
4899 (198)
4940 (165)
4945 (183)
4975 (150)
4994 (201)
5051 (248)
5074 (201)
5124 (184)
5152 (207)
5248 (186)
5358 (153)
5405 (195)
5728 (178)
5729 (202)
5767 (164)
5782 (153)
6128 (158)
7205 (251)
7975 (234)
8068 (194)
8691 (275)
8867 (185)
8978 (422)
8985 (296)
9001 (154)
9304 (165)
9501 (301)
9555 (291)
9579 (195)
9617 (151)
9669 (156)
9843 (159)
10074 (165)
10420 (198)
10442 (233)
10444 (325)
10446 (427)
10448 (184)
10451 (203)
10490 (242)
10491 (282)
10513 (178)
10515 (635)
10525 (229)
10551 (202)
10568 (181)
10605 (187)
10653 (291)
10656 (265)
10818 (162)
10943 (217)
11747 (152)
12473 (191)
12677 (155)
12925 (1026)
12929 (503)
12933 (238)
12935 (263)
12943 (285)
12946 (380)
12951 (298)
12959 (322)
12981 (212)
12982 (234)
13032 (221)
13041 (718)
13043 (151)
13174 (233)
13182 (166)
13189 (280)
13334 (236)
13443 (271)
14098 (918)
14099 (287)
14386 (201)
14933 (342)
15345 (169)
15578 (216)
15618 (439)
15832 (801)
16010 (900)
16011 (459)
16217 (847)
16430 (291)
16431 (236)
38 1831 (158)
39 597 (157)
38 1188 (186)
39 5729 (151)
39 2388 (162)
38 504 (172)
38 1590 (200)
48 1956 (172)
39 15578 (152)
39 168 (152)
48 2792 (164)
39 2792 (161)
39 2075 (152)
39 3759 (151)
39 1991 (167)
39 3964 (157)
39 215 (153)
48 1027 (155)
48 164 (154)
39 3827 (158)
48 397 (161)
39 397 (154)
48 1638 (157)
39 1638 (154)
39 984 (154)
48 10442 (168)
38 1529 (213)
39 1529 (165)
39 75 (165)
16430 16431 (235)
48 1209 (152)
39 1209 (161)
48 1444 (151)
39 12933 (157)
38 3904 (235)
39 3904 (194)
39 2468 (159)
48 10490 (157)
48 643 (155)
39 643 (151)
48 203 (150)
39 203 (151)
48 734 (220)
39 734 (171)
48 727 (161)
39 727 (157)
48 3510 (150)
39 3510 (159)
39 2254 (158)
48 5051 (150)
48 2065 (155)
39 2065 (173)
39 978 (186)
48 2187 (162)
38 390 (240)
39 390 (170)
48 1930 (152)
39 1930 (159)
48 1973 (162)
48 2015 (180)
39 2015 (153)
48 2115 (169)
39 2115 (151)
48 232 (152)
39 2991 (159)
48 640 (170)
39 640 (163)
39 829 (153)
48 1619 (170)
39 1619 (181)
38 370 (250)
39 370 (171)
32 1046 (247)
39 903 (189)
48 2492 (162)
48 12935 (201)
39 12935 (178)
48 424 (164)
39 424 (150)
38 840 (256)
39 840 (162)
48 730 (156)
39 730 (174)
48 10656 (158)
48 2552 (165)
48 2353 (154)
39 2353 (178)
48 1257 (173)
39 1257 (176)
39 13443 (157)
48 176 (152)
48 341 (164)
39 341 (153)
48 715 (187)
39 715 (156)
48 1361 (151)
39 1361 (185)
48 8691 (205)
39 8691 (186)
48 3502 (160)
39 3502 (179)
39 1214 (159)
48 2208 (153)
39 2208 (163)
48 1313 (180)
39 1313 (183)
48 1481 (161)
39 1481 (184)
48 1859 (151)
39 1859 (160)
39 13189 (167)
48 694 (154)
39 694 (181)
48 1277 (169)
39 1277 (163)
48 2515 (164)
48 2523 (180)
39 2523 (164)
48 10491 (163)
39 10491 (171)
48 1103 (174)
39 1103 (174)
48 365 (168)
39 365 (187)
48 1003 (177)
39 1003 (184)
48 1062 (154)
39 1062 (183)
12 48 (162)
12 39 (164)
39 12943 (176)
48 514 (192)
39 514 (182)
48 2241 (192)
39 2241 (201)
48 14099 (171)
39 14099 (176)
39 842 (181)
48 1066 (175)
39 1066 (168)
48 1052 (193)
48 3799 (182)
39 3799 (195)
48 9555 (163)
39 9555 (167)
48 10653 (175)
39 10653 (169)
48 16430 (156)
39 16430 (155)
48 246 (189)
39 246 (186)
48 1126 (172)
39 1126 (166)
48 1158 (156)
39 1158 (164)
48 415 (184)
39 415 (174)
48 830 (208)
39 830 (177)
48 2775 (176)
39 2775 (173)
48 8985 (159)
39 8985 (196)
48 1585 (197)
39 1585 (170)
48 4698 (192)
39 4698 (201)
48 248 (199)
39 248 (197)
48 2505 (174)
39 2505 (207)
48 3361 (171)
39 3361 (175)
48 12951 (162)
39 12951 (206)
48 1486 (200)
39 1486 (187)
48 1513 (180)
39 1513 (206)
48 9501 (160)
39 9501 (187)
48 1000 (157)
39 1000 (176)
48 2343 (174)
39 2343 (167)
48 352 (174)
39 352 (150)
48 1557 (193)
39 1557 (185)
48 351 (159)
39 351 (161)
48 547 (181)
39 547 (173)
48 1543 (180)
39 1543 (213)
48 2056 (189)
39 2056 (185)
48 319 (172)
39 319 (183)
48 384 (177)
39 384 (197)
48 1113 (173)
39 1113 (169)
48 591 (204)
39 591 (205)
48 432 (161)
39 432 (181)
48 2987 (200)
39 2987 (170)
48 490 (208)
39 490 (194)
38 47 (308)
47 48 (182)
39 47 (219)
48 1659 (177)
39 1659 (213)
48 2673 (220)
39 2673 (185)
48 979 (199)
39 979 (235)
48 178 (160)
39 178 (213)
48 1121 (194)
39 1121 (203)
48 2135 (204)
39 2135 (221)
48 831 (216)
39 831 (222)
48 793 (200)
39 793 (204)
48 12959 (150)
39 12959 (182)
48 1867 (197)
39 1867 (188)
48 2051 (214)
39 2051 (213)
48 2399 (184)
39 2399 (190)
48 1704 (180)
39 1704 (202)
48 10444 (205)
39 10444 (204)
48 80 (195)
39 80 (224)
48 136 (206)
39 136 (210)
48 2184 (199)
39 2184 (206)
38 281 (313)
48 281 (200)
39 281 (211)
48 1020 (189)
39 1020 (199)
48 1404 (196)
39 1404 (206)
48 2329 (222)
39 2329 (187)
48 345 (213)
39 345 (202)
48 1677 (221)
39 1677 (207)
48 2879 (193)
39 2879 (203)
48 1987 (209)
39 1987 (210)
48 798 (218)
39 798 (194)
48 418 (191)
39 418 (211)
48 808 (188)
39 808 (195)
48 14933 (202)
39 14933 (227)
48 1479 (199)
39 1479 (220)
48 408 (206)
39 408 (206)
38 790 (339)
48 790 (204)
39 790 (246)
48 52 (224)
39 52 (223)
48 910 (214)
39 910 (216)
48 2080 (204)
39 2080 (192)
48 571 (223)
39 571 (220)
48 208 (225)
39 208 (220)
48 2168 (182)
39 2168 (210)
48 916 (216)
39 916 (235)
48 53 (227)
39 53 (249)
48 426 (238)
39 426 (246)
48 855 (213)
39 855 (225)
48 856 (197)
39 856 (209)
48 1714 (206)
39 1714 (240)
48 704 (216)
39 704 (192)
48 913 (212)
39 913 (230)
48 2118 (239)
39 2118 (207)
38 56 (356)
48 56 (212)
39 56 (253)
48 94 (203)
39 94 (216)
48 398 (229)
39 398 (230)
48 1355 (190)
39 1355 (234)
48 2284 (211)
39 2284 (252)
48 261 (230)
39 261 (253)
48 961 (235)
39 961 (230)
30 48 (215)
30 39 (244)
2 48 (186)
2 39 (211)
48 623 (218)
39 623 (221)
48 1043 (216)
39 1043 (234)
48 155 (215)
39 155 (235)
48 4883 (226)
39 4883 (229)
48 12946 (202)
39 12946 (240)
48 1417 (233)
39 1417 (232)
48 62 (220)
39 62 (186)
48 1693 (226)
39 1693 (253)
48 297 (235)
39 297 (262)
48 878 (210)
39 878 (238)
48 581 (245)
39 581 (256)
48 1067 (247)
39 1067 (227)
48 2383 (240)
39 2383 (256)
48 4336 (223)
39 4336 (235)
48 675 (261)
39 675 (280)
48 1239 (247)
39 1239 (248)
48 1872 (236)
39 1872 (238)
48 374 (233)
39 374 (256)
48 846 (200)
39 846 (225)
48 150 (240)
39 150 (239)
48 885 (224)
39 885 (256)
48 209 (212)
39 209 (220)
48 809 (254)
39 809 (272)
48 425 (281)
39 425 (267)
48 2437 (255)
39 2437 (223)
48 789 (273)
39 789 (293)
48 947 (228)
39 947 (227)
48 1783 (231)
39 1783 (258)
48 2199 (275)
39 2199 (241)
48 2046 (204)
39 2046 (231)
41 8978 (197)
48 8978 (242)
39 8978 (305)
48 420 (229)
39 420 (248)
48 10446 (228)
39 10446 (249)
48 267 (276)
39 267 (300)
48 865 (267)
39 865 (271)
48 1144 (249)
39 1144 (250)
48 251 (239)
39 251 (238)
48 1715 (264)
39 1715 (257)
48 1986 (258)
39 1986 (296)
48 15618 (230)
39 15618 (244)
48 441 (240)
39 441 (279)
48 279 (273)
39 279 (284)
48 272 (263)
39 272 (308)
48 1135 (376)
39 1135 (308)
41 1198 (151)
48 1198 (253)
39 1198 (273)
38 105 (446)
48 105 (255)
39 105 (307)
48 340 (280)
39 340 (278)
16010 16011 (448)
41 16011 (166)
48 16011 (256)
39 16011 (282)
48 186 (309)
39 186 (298)
48 407 (286)
39 407 (289)
1146 3616 (218)
48 3616 (276)
39 3616 (307)
48 681 (261)
39 681 (289)
10 48 (285)
10 39 (311)
48 379 (251)
39 379 (307)
48 259 (260)
39 259 (254)
48 1814 (314)
39 1814 (320)
48 396 (273)
39 396 (307)
48 260 (276)
39 260 (306)
48 269 (300)
39 269 (309)
11 48 (317)
11 39 (325)
48 464 (310)
39 464 (295)
48 535 (281)
39 535 (274)
38 55 (473)
48 55 (234)
39 55 (329)
48 12929 (289)
39 12929 (327)
48 488 (305)
39 488 (275)
48 449 (283)
39 449 (266)
48 772 (312)
39 772 (270)
48 806 (271)
39 806 (348)
48 1435 (300)
39 1435 (316)
23 48 (293)
23 39 (359)
48 107 (322)
39 107 (283)
48 664 (273)
39 664 (344)
48 334 (299)
39 334 (340)
38 371 (524)
48 371 (268)
39 371 (368)
41 1344 (185)
48 1344 (304)
39 1344 (343)
48 103 (281)
39 103 (339)
48 703 (312)
39 703 (306)
48 812 (316)
39 812 (311)
48 766 (348)
39 766 (339)
48 570 (354)
39 570 (392)
117 976 (208)
48 976 (300)
39 976 (318)
48 156 (323)
39 156 (394)
48 229 (379)
39 229 (348)
48 1600 (317)
39 1600 (335)
48 544 (349)
39 544 (366)
48 549 (360)
39 549 (337)
38 389 (151)
48 389 (310)
39 389 (398)
18 48 (325)
18 39 (386)
48 649 (352)
39 649 (385)
41 76 (155)
48 76 (337)
39 76 (373)
48 1578 (320)
39 1578 (400)
48 242 (269)
39 242 (384)
41 2958 (154)
48 2958 (541)
39 2958 (450)
45 48 (346)
39 45 (381)
41 956 (162)
48 956 (384)
39 956 (417)
405 10515 (215)
48 10515 (378)
39 10515 (382)
48 405 (380)
39 405 (366)
48 479 (361)
39 479 (405)
41 264 (154)
38 264 (189)
48 264 (374)
39 264 (437)
31 48 (346)
31 39 (381)
41 175 (203)
38 175 (188)
48 175 (335)
39 175 (431)
48 3270 (425)
39 3270 (410)
48 783 (404)
39 783 (444)
19 48 (410)
19 39 (410)
41 522 (154)
48 522 (408)
39 522 (451)
32 179 (166)
41 179 (165)
48 179 (437)
39 179 (458)
41 117 (183)
48 117 (404)
39 117 (372)
41 258 (176)
48 258 (480)
39 258 (456)
32 13041 (154)
41 13041 (267)
48 13041 (418)
39 13041 (469)
41 161 (152)
48 161 (383)
39 161 (447)
32 78 (156)
48 78 (581)
39 78 (544)
32 677 (190)
48 677 (443)
39 677 (429)
32 589 (159)
41 589 (158)
48 589 (436)
39 589 (489)
32 1004 (202)
48 1004 (429)
39 1004 (404)
37 41 (177)
37 38 (760)
37 48 (402)
37 39 (512)
41 49 (159)
38 49 (170)
48 49 (605)
39 49 (552)
41 201 (176)
48 201 (464)
39 201 (460)
32 286 (155)
41 286 (178)
38 286 (768)
48 286 (410)
39 286 (520)
32 548 (194)
41 548 (159)
48 548 (463)
39 548 (472)
32 15832 (161)
41 15832 (304)
48 15832 (404)
39 15832 (508)
48 1393 (448)
39 1393 (544)
32 301 (198)
41 301 (174)
48 301 (443)
39 301 (485)
41 249 (183)
38 249 (192)
48 249 (464)
39 249 (529)
38 740 (158)
48 740 (366)
39 740 (540)
32 824 (191)
41 824 (210)
48 824 (491)
39 824 (473)
32 592 (171)
41 592 (214)
48 592 (511)
39 592 (514)
41 16217 (312)
48 16217 (469)
39 16217 (535)
32 604 (167)
41 604 (203)
48 604 (505)
39 604 (568)
32 338 (159)
41 338 (180)
48 338 (558)
39 338 (523)
32 123 (189)
41 123 (164)
48 123 (539)
39 123 (501)
32 16010 (194)
41 16010 (319)
48 16010 (503)
39 16010 (557)
32 14098 (160)
48 14098 (514)
39 14098 (580)
32 185 (194)
41 185 (209)
48 185 (569)
39 185 (570)
9 32 (171)
9 41 (217)
9 48 (570)
9 39 (605)
32 1146 (238)
41 1146 (370)
38 1146 (214)
48 1146 (571)
39 1146 (702)
32 12925 (169)
38 12925 (201)
48 12925 (565)
39 12925 (663)
32 533 (201)
41 533 (242)
38 533 (174)
48 533 (602)
39 533 (638)
32 255 (237)
41 255 (234)
38 255 (186)
48 255 (747)
39 255 (755)
32 60 (177)
41 60 (192)
48 60 (575)
39 60 (701)
32 79 (268)
41 79 (347)
38 79 (218)
48 79 (619)
39 79 (785)
270 2238 (178)
270 271 (468)
225 270 (201)
32 270 (285)
41 270 (340)
38 270 (270)
48 270 (634)
39 270 (829)
271 2238 (188)
225 2238 (285)
32 2238 (252)
41 2238 (411)
38 2238 (277)
48 2238 (655)
39 2238 (907)
32 1327 (214)
41 1327 (318)
38 1327 (250)
48 1327 (686)
39 1327 (806)
32 147 (254)
41 147 (325)
38 147 (243)
48 147 (747)
39 147 (795)
32 413 (231)
41 413 (278)
38 413 (208)
48 413 (779)
39 413 (756)
32 438 (244)
41 438 (302)
38 438 (270)
48 438 (710)
39 438 (899)
225 271 (283)
32 271 (329)
41 271 (420)
38 271 (267)
48 271 (759)
39 271 (1017)
32 475 (314)
41 475 (410)
38 475 (285)
48 475 (1007)
39 475 (1049)
65 101 (172)
32 101 (283)
41 101 (341)
38 101 (259)
48 101 (895)
39 101 (968)
89 310 (162)
65 310 (153)
32 310 (369)
41 310 (490)
38 310 (299)
48 310 (1187)
39 310 (1272)
32 110 (280)
41 110 (452)
38 110 (1828)
48 110 (925)
39 110 (1178)
36 170 (150)
32 36 (350)
36 41 (513)
36 38 (1996)
36 48 (1006)
36 39 (1473)
89 237 (171)
65 237 (150)
32 237 (387)
41 237 (402)
38 237 (472)
48 237 (1195)
39 237 (1352)
32 170 (373)
41 170 (558)
38 170 (2094)
48 170 (1083)
39 170 (1426)
32 225 (468)
41 225 (625)
38 225 (480)
48 225 (1223)
39 225 (1641)
65 89 (222)
32 89 (489)
41 89 (539)
38 89 (553)
48 89 (1966)
39 89 (1955)
32 65 (538)
41 65 (673)
38 65 (453)
48 65 (1767)
39 65 (1957)
32 41 (2239)
32 38 (1936)
32 48 (5624)
32 39 (5940)
38 41 (2705)
41 48 (6343)
39 41 (8019)
38 48 (5533)
38 39 (7179)
39 48 (20392)
38 39 3904 (189)
39 48 734 (155)
38 39 390 (160)
38 39 370 (165)
38 39 840 (158)
39 48 591 (150)
38 47 48 (181)
38 39 47 (216)
39 48 979 (163)
39 48 2135 (164)
39 48 831 (165)
39 48 2051 (157)
39 48 80 (150)
39 48 136 (153)
38 48 281 (194)
38 39 281 (201)
39 48 1404 (150)
39 48 2329 (152)
39 48 1677 (155)
39 48 1987 (150)
39 48 798 (154)
39 48 14933 (152)
38 48 790 (199)
38 39 790 (242)
39 48 790 (165)
39 48 52 (165)
39 48 571 (168)
39 48 208 (153)
39 48 916 (163)
39 48 53 (180)
39 48 426 (191)
39 48 855 (155)
39 48 913 (157)
39 48 2118 (158)
38 48 56 (205)
38 39 56 (245)
39 48 56 (157)
39 48 398 (159)
39 48 2284 (163)
39 48 261 (173)
39 48 961 (174)
30 39 48 (161)
39 48 1043 (161)
39 48 1417 (159)
39 48 1693 (165)
39 48 297 (170)
39 48 878 (157)
39 48 581 (183)
39 48 1067 (168)
39 48 2383 (180)
39 48 4336 (154)
39 48 675 (202)
39 48 1239 (167)
39 48 1872 (155)
39 48 374 (167)
39 48 150 (165)
39 48 885 (161)
39 48 809 (197)
39 48 425 (200)
39 48 2437 (161)
39 48 789 (213)
39 48 1783 (165)
39 48 2199 (187)
39 41 8978 (168)
39 48 8978 (200)
39 48 420 (160)
39 48 10446 (158)
39 48 267 (218)
39 48 865 (196)
39 48 1144 (180)
39 48 251 (153)
39 48 1715 (178)
39 48 1986 (197)
39 48 15618 (156)
39 48 441 (175)
39 48 279 (197)
39 48 272 (190)
39 48 1135 (262)
39 48 1198 (182)
38 48 105 (252)
38 39 105 (302)
39 48 105 (196)
39 48 340 (191)
41 16010 16011 (161)
48 16010 16011 (248)
39 16010 16011 (277)
39 48 16011 (186)
39 48 186 (228)
39 48 407 (209)
39 48 3616 (199)
39 48 681 (192)
10 39 48 (217)
39 48 379 (187)
39 48 259 (173)
39 48 1814 (232)
39 48 396 (194)
39 48 260 (197)
39 48 269 (217)
11 39 48 (235)
39 48 464 (208)
39 48 535 (184)
38 48 55 (224)
38 39 55 (306)
39 48 55 (178)
39 48 12929 (219)
39 48 488 (197)
39 48 449 (170)
39 48 772 (193)
39 48 806 (215)
39 48 1435 (211)
23 39 48 (222)
39 48 107 (215)
39 48 664 (210)
39 48 334 (221)
38 48 371 (264)
38 39 371 (363)
39 48 371 (210)
39 41 1344 (155)
39 48 1344 (222)
39 48 103 (214)
39 48 703 (204)
39 48 812 (209)
39 48 766 (246)
39 48 570 (279)
39 48 976 (214)
39 48 156 (258)
39 48 229 (267)
39 48 1600 (220)
39 48 544 (237)
39 48 549 (239)
39 48 389 (244)
18 39 48 (233)
39 48 649 (255)
39 48 76 (241)
39 48 1578 (232)
39 48 242 (198)
39 48 2958 (386)
39 45 48 (250)
39 48 956 (289)
39 48 10515 (271)
39 48 405 (248)
39 48 479 (257)
39 48 264 (286)
31 39 48 (240)
39 41 175 (164)
39 48 175 (261)
39 48 3270 (300)
39 48 783 (305)
19 39 48 (288)
39 48 522 (288)
39 48 179 (317)
39 48 117 (244)
39 48 258 (338)
41 48 13041 (190)
39 41 13041 (212)
39 48 13041 (305)
39 48 161 (265)
39 48 78 (431)
39 48 677 (302)
39 48 589 (311)
39 48 1004 (265)
37 38 41 (176)
37 38 48 (396)
37 38 39 (493)
37 39 48 (308)
39 48 49 (455)
39 48 201 (303)
32 38 286 (151)
38 41 286 (174)
38 48 286 (406)
38 39 286 (506)
39 48 286 (325)
39 48 548 (326)
41 48 15832 (183)
39 41 15832 (232)
39 48 15832 (307)
39 48 1393 (334)
39 48 301 (322)
39 41 249 (150)
39 48 249 (355)
39 48 740 (282)
39 41 824 (155)
39 48 824 (322)
39 41 592 (175)
39 48 592 (365)
41 48 16217 (204)
39 41 16217 (243)
39 48 16217 (340)
39 41 604 (174)
39 48 604 (398)
39 48 338 (371)
39 48 123 (349)
41 48 16010 (221)
39 41 16010 (250)
39 48 16010 (361)
39 48 14098 (400)
39 41 185 (152)
39 48 185 (383)
9 41 48 (164)
9 39 41 (167)
9 39 48 (404)
32 39 1146 (151)
41 48 1146 (226)
39 41 1146 (286)
38 39 1146 (167)
39 48 1146 (436)
38 39 12925 (157)
39 48 12925 (419)
41 48 533 (177)
39 41 533 (195)
39 48 533 (436)
32 48 255 (181)
32 39 255 (173)
41 48 255 (186)
39 41 255 (192)
39 48 255 (575)
39 41 60 (159)
39 48 60 (432)
32 48 79 (155)
32 39 79 (175)
41 48 79 (230)
39 41 79 (263)
38 39 79 (165)
39 48 79 (492)
48 270 271 (240)
39 270 271 (338)
39 225 270 (164)
32 48 270 (175)
32 39 270 (178)
41 48 270 (200)
39 41 270 (272)
38 48 270 (164)
38 39 270 (194)
39 48 270 (492)
39 225 2238 (222)
32 39 2238 (179)
41 48 2238 (264)
39 41 2238 (342)
38 48 2238 (166)
38 39 2238 (215)
39 48 2238 (543)
41 48 1327 (210)
39 41 1327 (262)
38 39 1327 (198)
39 48 1327 (504)
32 48 147 (159)
32 39 147 (175)
41 48 147 (204)
39 41 147 (244)
38 48 147 (155)
38 39 147 (185)
39 48 147 (523)
32 48 413 (158)
41 48 413 (197)
39 41 413 (211)
38 39 413 (155)
39 48 413 (529)
32 48 438 (162)
32 39 438 (171)
41 48 438 (200)
39 41 438 (266)
38 39 438 (190)
39 48 438 (549)
48 225 271 (155)
39 225 271 (220)
32 48 271 (182)
32 39 271 (215)
41 48 271 (249)
39 41 271 (328)
38 48 271 (160)
38 39 271 (198)
39 48 271 (579)
32 48 475 (215)
32 39 475 (229)
41 48 475 (307)
39 41 475 (345)
38 48 475 (209)
38 39 475 (219)
39 48 475 (765)
32 48 101 (177)
32 39 101 (185)
41 48 101 (231)
39 41 101 (262)
38 48 101 (167)
38 39 101 (187)
39 48 101 (651)
32 48 310 (274)
32 39 310 (260)
41 48 310 (382)
39 41 310 (424)
38 48 310 (212)
38 39 310 (231)
39 48 310 (947)
32 38 110 (276)
32 48 110 (167)
32 39 110 (184)
38 41 110 (445)
41 48 110 (291)
39 41 110 (352)
38 48 110 (910)
38 39 110 (1162)
39 48 110 (695)
32 36 38 (331)
32 36 48 (188)
32 36 39 (237)
36 38 41 (490)
36 41 48 (290)
36 39 41 (420)
36 38 48 (968)
36 38 39 (1404)
36 39 48 (793)
32 48 237 (259)
32 39 237 (248)
41 48 237 (246)
39 41 237 (325)
38 48 237 (284)
38 39 237 (359)
39 48 237 (879)
32 38 170 (367)
32 48 170 (217)
32 39 170 (234)
38 41 170 (551)
41 48 170 (340)
39 41 170 (434)
38 48 170 (1073)
38 39 170 (1403)
39 48 170 (835)
32 48 225 (264)
32 39 225 (329)
38 41 225 (160)
41 48 225 (381)
39 41 225 (516)
38 48 225 (277)
38 39 225 (375)
39 48 225 (980)
48 65 89 (174)
39 65 89 (157)
32 48 89 (388)
32 39 89 (360)
38 41 89 (154)
41 48 89 (454)
39 41 89 (455)
38 48 89 (416)
38 39 89 (417)
39 48 89 (1510)
32 48 65 (350)
32 39 65 (365)
38 41 65 (154)
41 48 65 (451)
39 41 65 (536)
38 48 65 (293)
38 39 65 (346)
39 48 65 (1274)
32 38 41 (547)
32 41 48 (1444)
32 39 41 (1649)
32 38 48 (1124)
32 38 39 (1266)
32 39 48 (3790)
38 41 48 (1658)
38 39 41 (2119)
39 41 48 (5181)
38 39 48 (4220)
38 39 48 790 (162)
38 39 48 56 (153)
38 39 48 105 (196)
39 48 16010 16011 (182)
38 39 48 55 (171)
38 39 48 371 (209)
39 41 48 13041 (155)
37 38 39 48 (303)
38 39 48 286 (321)
39 41 48 15832 (157)
39 41 48 16217 (170)
39 41 48 16010 (186)
39 41 48 1146 (186)
39 41 48 255 (158)
39 41 48 79 (187)
39 48 270 271 (189)
39 41 48 270 (168)
39 41 48 2238 (231)
39 41 48 1327 (179)
39 41 48 147 (167)
39 41 48 413 (159)
39 41 48 438 (184)
39 41 48 271 (198)
32 39 48 475 (166)
39 41 48 475 (271)
38 39 48 475 (170)
39 41 48 101 (185)
32 39 48 310 (214)
39 41 48 310 (337)
38 39 48 310 (176)
32 38 48 110 (164)
32 38 39 110 (182)
38 41 48 110 (289)
38 39 41 110 (348)
39 41 48 110 (243)
38 39 48 110 (690)
32 36 38 48 (182)
32 36 38 39 (223)
36 38 41 48 (282)
36 38 39 41 (406)
36 39 41 48 (253)
36 38 39 48 (768)
32 39 48 237 (183)
39 41 48 237 (206)
38 39 48 237 (245)
32 38 48 170 (216)
32 38 39 170 (229)
32 39 48 170 (150)
38 41 48 170 (336)
38 39 41 170 (428)
39 41 48 170 (287)
38 39 48 170 (828)
32 39 48 225 (216)
39 41 48 225 (328)
38 39 48 225 (235)
32 39 48 89 (303)
39 41 48 89 (390)
38 39 48 89 (333)
32 39 48 65 (259)
39 41 48 65 (375)
38 39 48 65 (236)
32 38 41 48 (362)
32 38 39 41 (419)
32 39 41 48 (1144)
32 38 39 48 (850)
38 39 41 48 (1380)
38 39 41 48 110 (242)
36 38 39 41 48 (246)
38 39 41 48 170 (284)
32 38 39 41 48 (298)
