(59602) [59602,59602]
1 (186) [0,59602]
2 (377) [0,59602]
5 (202) [0,59602]
9 (976) [0,59602]
10 (478) [0,59602]
11 (490) [0,59602]
12 (285) [0,59602]
15 (239) [0,59602]
18 (610) [0,59602]
19 (679) [0,59602]
23 (530) [0,59602]
30 (376) [0,59602]
31 (649) [0,59602]
32 (10414) [0,59602]
36 (2104) [0,59602]
37 (783) [0,59602]
38 (10844) [0,59602]
39 (34873) [0,59602]
41 (10460) [0,59602]
45 (634) [0,59602]
47 (314) [0,59602]
48 (29349) [0,59602]
49 (786) [0,59602]
50 (170) [0,59602]
52 (349) [0,59602]
53 (360) [0,59602]
55 (503) [0,59602]
56 (368) [0,59602]
60 (1058) [0,59602]
62 (387) [0,59602]
65 (3116) [0,59602]
66 (212) [0,59602]
69 (168) [0,59602]
75 (235) [0,59602]
76 (620) [0,59602]
77 (168) [0,59602]
78 (740) [0,59602]
79 (1122) [0,59602]
80 (326) [0,59602]
82 (195) [0,59602]
89 (2700) [0,59602]
94 (368) [0,59602]
95 (196) [0,59602]
96 (232) [0,59602]
98 (163) [0,59602]
101 (1544) [0,59602]
103 (538) [0,59602]
104 (171) [0,59602]
105 (456) [0,59602]
107 (530) [0,59602]
108 (154) [0,59602]
110 (1876) [0,59602]
116 (196) [0,59602]
117 (701) [0,59602]
123 (893) [0,59602]
128 (193) [0,59602]
133 (183) [0,59602]
136 (326) [0,59602]
141 (156) [0,59602]
147 (1267) [0,59602]
150 (411) [0,59602]
151 (151) [0,59602]
155 (380) [0,59602]
156 (562) [0,59602]
161 (721) [0,59602]
164 (228) [0,59602]
165 (188) [0,59602]
166 (214) [0,59602]
167 (179) [0,59602]
168 (217) [0,59602]
169 (192) [0,59602]
170 (2129) [0,59602]
171 (171) [0,59602]
175 (658) [0,59602]
176 (272) [0,59602]
178 (317) [0,59602]
179 (693) [0,59602]
185 (969) [0,59602]
186 (466) [0,59602]
189 (178) [0,59602]
193 (150) [0,59602]
195 (231) [0,59602]
197 (151) [0,59602]
199 (153) [0,59602]
200 (168) [0,59602]
201 (795) [0,59602]
203 (244) [0,59602]
204 (222) [0,59602]
205 (173) [0,59602]
206 (186) [0,59602]
208 (355) [0,59602]
209 (413) [0,59602]
213 (215) [0,59602]
215 (227) [0,59602]
220 (168) [0,59602]
222 (154) [0,59602]
225 (2269) [0,59602]
227 (221) [0,59602]
229 (562) [0,59602]
232 (257) [0,59602]
234 (198) [0,59602]
235 (210) [0,59602]
237 (2123) [0,59602]
242 (627) [0,59602]
244 (180) [0,59602]
246 (292) [0,59602]
248 (298) [0,59602]
249 (825) [0,59602]
250 (196) [0,59602]
251 (432) [0,59602]
255 (1050) [0,59602]
256 (173) [0,59602]
258 (704) [0,59602]
259 (480) [0,59602]
260 (489) [0,59602]
261 (371) [0,59602]
262 (229) [0,59602]
264 (647) [0,59602]
267 (429) [0,59602]
269 (489) [0,59602]
270 (1187) [0,59602]
271 (1475) [0,59602]
272 (452) [0,59602]
278 (207) [0,59602]
279 (449) [0,59602]
281 (328) [0,59602]
282 (164) [0,59602]
285 (173) [0,59602]
286 (796) [0,59602]
297 (389) [0,59602]
301 (823) [0,59602]
308 (179) [0,59602]
309 (215) [0,59602]
310 (1780) [0,59602]
319 (307) [0,59602]
320 (213) [0,59602]
334 (532) [0,59602]
338 (892) [0,59602]
340 (457) [0,59602]
341 (272) [0,59602]
342 (219) [0,59602]
344 (174) [0,59602]
345 (331) [0,59602]
346 (213) [0,59602]
347 (181) [0,59602]
350 (169) [0,59602]
351 (305) [0,59602]
352 (303) [0,59602]
365 (284) [0,59602]
370 (261) [0,59602]
371 (534) [0,59602]
374 (409) [0,59602]
379 (479) [0,59602]
384 (307) [0,59602]
388 (168) [0,59602]
389 (602) [0,59602]
390 (253) [0,59602]
392 (167) [0,59602]
396 (487) [0,59602]
397 (230) [0,59602]
398 (370) [0,59602]
399 (165) [0,59602]
402 (151) [0,59602]
405 (645) [0,59602]
407 (469) [0,59602]
408 (345) [0,59602]
412 (213) [0,59602]
413 (1292) [0,59602]
414 (188) [0,59602]
415 (293) [0,59602]
418 (339) [0,59602]
420 (423) [0,59602]
423 (208) [0,59602]
424 (264) [0,59602]
425 (414) [0,59602]
426 (360) [0,59602]
432 (310) [0,59602]
433 (229) [0,59602]
434 (156) [0,59602]
438 (1300) [0,59602]
440 (158) [0,59602]
441 (442) [0,59602]
442 (164) [0,59602]
447 (165) [0,59602]
449 (507) [0,59602]
464 (494) [0,59602]
475 (1520) [0,59602]
479 (645) [0,59602]
485 (152) [0,59602]
486 (165) [0,59602]
488 (506) [0,59602]
489 (196) [0,59602]
490 (312) [0,59602]
491 (169) [0,59602]
492 (198) [0,59602]
493 (165) [0,59602]
497 (232) [0,59602]
500 (151) [0,59602]
501 (208) [0,59602]
504 (206) [0,59602]
511 (191) [0,59602]
514 (286) [0,59602]
522 (690) [0,59602]
525 (157) [0,59602]
533 (1040) [0,59602]
534 (214) [0,59602]
535 (494) [0,59602]
536 (196) [0,59602]
543 (205) [0,59602]
544 (598) [0,59602]
547 (305) [0,59602]
548 (799) [0,59602]
549 (598) [0,59602]
550 (174) [0,59602]
552 (183) [0,59602]
560 (177) [0,59602]
563 (189) [0,59602]
565 (178) [0,59602]
570 (559) [0,59602]
571 (354) [0,59602]
576 (185) [0,59602]
581 (394) [0,59602]
583 (153) [0,59602]
587 (185) [0,59602]
589 (758) [0,59602]
591 (309) [0,59602]
592 (843) [0,59602]
596 (158) [0,59602]
597 (188) [0,59602]
599 (172) [0,59602]
604 (862) [0,59602]
606 (166) [0,59602]
610 (239) [0,59602]
611 (176) [0,59602]
612 (179) [0,59602]
615 (197) [0,59602]
622 (219) [0,59602]
623 (377) [0,59602]
639 (151) [0,59602]
640 (258) [0,59602]
643 (243) [0,59602]
647 (187) [0,59602]
649 (614) [0,59602]
650 (156) [0,59602]
651 (173) [0,59602]
652 (220) [0,59602]
653 (249) [0,59602]
660 (166) [0,59602]
662 (180) [0,59602]
664 (530) [0,59602]
673 (195) [0,59602]
675 (405) [0,59602]
677 (744) [0,59602]
681 (477) [0,59602]
682 (206) [0,59602]
684 (180) [0,59602]
694 (281) [0,59602]
697 (214) [0,59602]
703 (549) [0,59602]
704 (366) [0,59602]
706 (150) [0,59602]
708 (166) [0,59602]
711 (156) [0,59602]
715 (273) [0,59602]
718 (204) [0,59602]
727 (245) [0,59602]
730 (265) [0,59602]
734 (244) [0,59602]
740 (825) [0,59602]
749 (181) [0,59602]
751 (232) [0,59602]
753 (188) [0,59602]
757 (183) [0,59602]
759 (166) [0,59602]
760 (171) [0,59602]
764 (196) [0,59602]
766 (555) [0,59602]
767 (178) [0,59602]
768 (243) [0,59602]
769 (230) [0,59602]
772 (508) [0,59602]
783 (676) [0,59602]
785 (250) [0,59602]
789 (417) [0,59602]
790 (347) [0,59602]
793 (320) [0,59602]
795 (165) [0,59602]
798 (338) [0,59602]
805 (192) [0,59602]
806 (510) [0,59602]
808 (340) [0,59602]
809 (413) [0,59602]
812 (550) [0,59602]
817 (250) [0,59602]
824 (840) [0,59602]
829 (258) [0,59602]
830 (293) [0,59602]
831 (319) [0,59602]
837 (171) [0,59602]
840 (264) [0,59602]
842 (289) [0,59602]
846 (410) [0,59602]
849 (170) [0,59602]
851 (162) [0,59602]
855 (361) [0,59602]
856 (361) [0,59602]
865 (430) [0,59602]
878 (389) [0,59602]
880 (155) [0,59602]
885 (412) [0,59602]
887 (159) [0,59602]
896 (158) [0,59602]
903 (263) [0,59602]
907 (212) [0,59602]
910 (351) [0,59602]
911 (167) [0,59602]
913 (366) [0,59602]
916 (358) [0,59602]
921 (226) [0,59602]
924 (176) [0,59602]
925 (158) [0,59602]
926 (166) [0,59602]
927 (213) [0,59602]
932 (190) [0,59602]
938 (204) [0,59602]
947 (417) [0,59602]
956 (635) [0,59602]
961 (375) [0,59602]
976 (561) [0,59602]
978 (250) [0,59602]
979 (315) [0,59602]
984 (233) [0,59602]
987 (165) [0,59602]
989 (217) [0,59602]
993 (239) [0,59602]
1000 (302) [0,59602]
1001 (190) [0,59602]
1003 (284) [0,59602]
1004 (767) [0,59602]
1010 (190) [0,59602]
1012 (170) [0,59602]
1013 (194) [0,59602]
1014 (188) [0,59602]
1020 (329) [0,59602]
1023 (150) [0,59602]
1025 (157) [0,59602]
1026 (173) [0,59602]
1027 (227) [0,59602]
1034 (207) [0,59602]
1043 (379) [0,59602]
1046 (261) [0,59602]
1052 (290) [0,59602]
1062 (284) [0,59602]
1066 (289) [0,59602]
1067 (396) [0,59602]
1071 (161) [0,59602]
1072 (172) [0,59602]
1080 (211) [0,59602]
1081 (222) [0,59602]
1082 (264) [0,59602]
1085 (179) [0,59602]
1096 (180) [0,59602]
1103 (283) [0,59602]
1104 (169) [0,59602]
1113 (307) [0,59602]
1121 (318) [0,59602]
1126 (292) [0,59602]
1135 (455) [0,59602]
1143 (184) [0,59602]
1144 (430) [0,59602]
1146 (1021) [0,59602]
1158 (292) [0,59602]
1160 (158) [0,59602]
1161 (161) [0,59602]
1163 (184) [0,59602]
1172 (198) [0,59602]
1183 (184) [0,59602]
1185 (216) [0,59602]
1188 (199) [0,59602]
1196 (238) [0,59602]
1198 (455) [0,59602]
1209 (238) [0,59602]
1214 (277) [0,59602]
1232 (185) [0,59602]
1239 (405) [0,59602]
1249 (161) [0,59602]
1257 (271) [0,59602]
1269 (194) [0,59602]
1277 (282) [0,59602]
1280 (199) [0,59602]
1281 (213) [0,59602]
1282 (195) [0,59602]
1291 (190) [0,59602]
1294 (189) [0,59602]
1308 (247) [0,59602]
1313 (279) [0,59602]
1318 (160) [0,59602]
1327 (1266) [0,59602]
1332 (171) [0,59602]
1333 (217) [0,59602]
1343 (153) [0,59602]
1344 (536) [0,59602]
1345 (164) [0,59602]
1355 (370) [0,59602]
1360 (225) [0,59602]
1361 (275) [0,59602]
1372 (185) [0,59602]
1378 (182) [0,59602]
1379 (197) [0,59602]
1393 (808) [0,59602]
1395 (174) [0,59602]
1404 (329) [0,59602]
1417 (386) [0,59602]
1425 (240) [0,59602]
1435 (529) [0,59602]
1444 (238) [0,59602]
1476 (168) [0,59602]
1479 (344) [0,59602]
1481 (279) [0,59602]
1486 (299) [0,59602]
1489 (209) [0,59602]
1497 (177) [0,59602]
1513 (300) [0,59602]
1527 (160) [0,59602]
1529 (234) [0,59602]
1538 (151) [0,59602]
1543 (306) [0,59602]
1557 (304) [0,59602]
1562 (264) [0,59602]
1564 (211) [0,59602]
1578 (620) [0,59602]
1585 (297) [0,59602]
1590 (207) [0,59602]
1591 (181) [0,59602]
1593 (160) [0,59602]
1594 (163) [0,59602]
1595 (171) [0,59602]
1600 (564) [0,59602]
1602 (181) [0,59602]
1609 (172) [0,59602]
1616 (192) [0,59602]
1619 (258) [0,59602]
1629 (182) [0,59602]
1638 (230) [0,59602]
1652 (157) [0,59602]
1655 (226) [0,59602]
1659 (314) [0,59602]
1677 (333) [0,59602]
1678 (153) [0,59602]
1693 (388) [0,59602]
1698 (207) [0,59602]
1704 (325) [0,59602]
1714 (363) [0,59602]
1715 (434) [0,59602]
1741 (184) [0,59602]
1744 (155) [0,59602]
1763 (204) [0,59602]
1783 (420) [0,59602]
1784 (166) [0,59602]
1786 (175) [0,59602]
1796 (152) [0,59602]
1804 (188) [0,59602]
1808 (238) [0,59602]
1814 (484) [0,59602]
1815 (152) [0,59602]
1819 (166) [0,59602]
1831 (164) [0,59602]
1842 (199) [0,59602]
1859 (280) [0,59602]
1867 (323) [0,59602]
1872 (408) [0,59602]
1897 (170) [0,59602]
1899 (189) [0,59602]
1903 (188) [0,59602]
1930 (253) [0,59602]
1938 (181) [0,59602]
1939 (211) [0,59602]
1956 (209) [0,59602]
1964 (160) [0,59602]
1966 (179) [0,59602]
1973 (253) [0,59602]
1976 (195) [0,59602]
1986 (435) [0,59602]
1987 (336) [0,59602]
1991 (221) [0,59602]
1994 (166) [0,59602]
1996 (167) [0,59602]
2015 (255) [0,59602]
2046 (421) [0,59602]
2051 (323) [0,59602]
2052 (156) [0,59602]
2053 (183) [0,59602]
2054 (204) [0,59602]
2056 (306) [0,59602]
2065 (249) [0,59602]
2075 (219) [0,59602]
2080 (351) [0,59602]
2091 (234) [0,59602]
2097 (158) [0,59602]
2103 (166) [0,59602]
2113 (166) [0,59602]
2115 (256) [0,59602]
2118 (366) [0,59602]
2135 (318) [0,59602]
2147 (157) [0,59602]
2164 (196) [0,59602]
2167 (183) [0,59602]
2168 (355) [0,59602]
2177 (172) [0,59602]
2184 (327) [0,59602]
2186 (170) [0,59602]
2187 (251) [0,59602]
2188 (178) [0,59602]
2191 (231) [0,59602]
2199 (420) [0,59602]
2208 (277) [0,59602]
2212 (187) [0,59602]
2215 (231) [0,59602]
2225 (177) [0,59602]
2238 (1196) [0,59602]
2239 (154) [0,59602]
2241 (287) [0,59602]
2254 (246) [0,59602]
2259 (183) [0,59602]
2276 (175) [0,59602]
2284 (370) [0,59602]
2286 (152) [0,59602]
2325 (235) [0,59602]
2329 (329) [0,59602]
2343 (302) [0,59602]
2344 (189) [0,59602]
2350 (166) [0,59602]
2353 (270) [0,59602]
2364 (205) [0,59602]
2370 (186) [0,59602]
2375 (214) [0,59602]
2383 (398) [0,59602]
2388 (203) [0,59602]
2394 (155) [0,59602]
2399 (324) [0,59602]
2406 (178) [0,59602]
2420 (179) [0,59602]
2425 (214) [0,59602]
2437 (414) [0,59602]
2440 (212) [0,59602]
2441 (168) [0,59602]
2464 (198) [0,59602]
2468 (242) [0,59602]
2492 (263) [0,59602]
2495 (231) [0,59602]
2505 (298) [0,59602]
2506 (151) [0,59602]
2515 (282) [0,59602]
2523 (282) [0,59602]
2524 (211) [0,59602]
2528 (181) [0,59602]
2552 (268) [0,59602]
2561 (172) [0,59602]
2573 (184) [0,59602]
2596 (200) [0,59602]
2599 (152) [0,59602]
2621 (156) [0,59602]
2625 (200) [0,59602]
2626 (249) [0,59602]
2629 (214) [0,59602]
2633 (229) [0,59602]
2634 (178) [0,59602]
2635 (202) [0,59602]
2673 (314) [0,59602]
2706 (160) [0,59602]
2723 (171) [0,59602]
2728 (167) [0,59602]
2746 (159) [0,59602]
2749 (210) [0,59602]
2763 (180) [0,59602]
2775 (293) [0,59602]
2792 (218) [0,59602]
2815 (181) [0,59602]
2843 (180) [0,59602]
2856 (188) [0,59602]
2874 (165) [0,59602]
2879 (333) [0,59602]
2891 (150) [0,59602]
2894 (233) [0,59602]
2915 (185) [0,59602]
2958 (631) [0,59602]
2965 (199) [0,59602]
2983 (158) [0,59602]
2987 (310) [0,59602]
2988 (195) [0,59602]
2990 (162) [0,59602]
2991 (257) [0,59602]
2997 (193) [0,59602]
2998 (169) [0,59602]
3006 (156) [0,59602]
3012 (176) [0,59602]
3021 (154) [0,59602]
3102 (179) [0,59602]
3149 (164) [0,59602]
3151 (187) [0,59602]
3160 (195) [0,59602]
3186 (150) [0,59602]
3189 (180) [0,59602]
3194 (189) [0,59602]
3221 (159) [0,59602]
3270 (673) [0,59602]
3279 (184) [0,59602]
3291 (176) [0,59602]
3292 (156) [0,59602]
3294 (209) [0,59602]
3311 (152) [0,59602]
3315 (178) [0,59602]
3316 (214) [0,59602]
3317 (213) [0,59602]
3321 (168) [0,59602]
3361 (298) [0,59602]
3404 (167) [0,59602]
3451 (178) [0,59602]
3462 (186) [0,59602]
3502 (276) [0,59602]
3510 (245) [0,59602]
3553 (161) [0,59602]
3616 (470) [0,59602]
3635 (195) [0,59602]
3668 (209) [0,59602]
3683 (173) [0,59602]
3724 (169) [0,59602]
3735 (155) [0,59602]
3759 (219) [0,59602]
3774 (155) [0,59602]
3799 (290) [0,59602]
3808 (159) [0,59602]
3827 (228) [0,59602]
3904 (240) [0,59602]
3964 (224) [0,59602]
3966 (159) [0,59602]
4070 (187) [0,59602]
4170 (165) [0,59602]
4201 (171) [0,59602]
4207 (206) [0,59602]
4209 (169) [0,59602]
4307 (175) [0,59602]
4316 (169) [0,59602]
4336 (400) [0,59602]
4339 (180) [0,59602]
4344 (171) [0,59602]
4393 (235) [0,59602]
4524 (231) [0,59602]
4630 (159) [0,59602]
4642 (186) [0,59602]
4650 (236) [0,59602]
4685 (185) [0,59602]
4698 (297) [0,59602]
4720 (158) [0,59602]
4779 (203) [0,59602]
4883 (380) [0,59602]
4899 (198) [0,59602]
4940 (165) [0,59602]
4945 (183) [0,59602]
4975 (150) [0,59602]
4994 (201) [0,59602]
5051 (248) [0,59602]
5074 (201) [0,59602]
5124 (184) [0,59602]
5152 (207) [0,59602]
5248 (186) [0,59602]
5358 (153) [0,59602]
5405 (195) [0,59602]
5728 (178) [0,59602]
5729 (202) [0,59602]
5767 (164) [0,59602]
5782 (153) [0,59602]
6128 (158) [0,59602]
7205 (251) [0,59602]
7975 (234) [0,59602]
8068 (194) [0,59602]
8691 (275) [0,59602]
8867 (185) [0,59602]
8978 (422) [0,59602]
8985 (296) [0,59602]
9001 (154) [0,59602]
9304 (165) [0,59602]
9501 (301) [0,59602]
9555 (291) [0,59602]
9579 (195) [0,59602]
9617 (151) [0,59602]
9669 (156) [0,59602]
9843 (159) [0,59602]
10074 (165) [0,59602]
10420 (198) [0,59602]
10442 (233) [0,59602]
10444 (325) [0,59602]
10446 (427) [0,59602]
10448 (184) [0,59602]
10451 (203) [0,59602]
10490 (242) [0,59602]
10491 (282) [0,59602]
10513 (178) [0,59602]
10515 (635) [0,59602]
10525 (229) [0,59602]
10551 (202) [0,59602]
10568 (181) [0,59602]
10605 (187) [0,59602]
10653 (291) [0,59602]
10656 (265) [0,59602]
10818 (162) [0,59602]
10943 (217) [0,59602]
11747 (152) [0,59602]
12473 (191) [0,59602]
12677 (155) [0,59602]
12925 (1026) [0,59602]
12929 (503) [0,59602]
12933 (238) [0,59602]
12935 (263) [0,59602]
12943 (285) [0,59602]
12946 (380) [0,59602]
12951 (298) [0,59602]
12959 (322) [0,59602]
12981 (212) [0,59602]
12982 (234) [0,59602]
13032 (221) [0,59602]
13041 (718) [0,59602]
13043 (151) [0,59602]
13174 (233) [0,59602]
13182 (166) [0,59602]
13189 (280) [0,59602]
13334 (236) [0,59602]
13443 (271) [0,59602]
14098 (918) [0,59602]
14099 (287) [0,59602]
14386 (201) [0,59602]
14933 (342) [0,59602]
15345 (169) [0,59602]
15578 (216) [0,59602]
15618 (439) [0,59602]
15832 (801) [0,59602]
16010 (900) [0,59602]
16011 (459) [0,59602]
16217 (847) [0,59602]
16430 (291) [0,59602]
16431 (236) [0,59602]
1831 38 (158) [0,164]
597 39 (157) [0,188]
1188 38 (186) [0,199]
5729 39 (151) [0,202]
2388 39 (162) [0,203]
504 38 (172) [0,206]
1590 38 (200) [0,207]
1956 48 (172) [0,209]
15578 39 (152) [0,216]
168 39 (152) [0,217]
2792 48 (164) [0,218]
2792 39 (161) [0,218]
2075 39 (152) [0,219]
3759 39 (151) [0,219]
1991 39 (167) [0,221]
3964 39 (157) [0,224]
215 39 (153) [0,227]
1027 48 (155) [0,227]
164 48 (154) [0,228]
3827 39 (158) [0,228]
397 48 (161) [0,230]
397 39 (154) [0,230]
1638 48 (157) [0,230]
1638 39 (154) [0,230]
984 39 (154) [0,233]
10442 48 (168) [0,233]
1529 38 (213) [0,234]
1529 39 (165) [0,234]
75 39 (165) [0,235]
16431 16430 (235) [0,236]
1209 48 (152) [0,238]
1209 39 (161) [0,238]
1444 48 (151) [0,238]
12933 39 (157) [0,238]
3904 38 (235) [0,240]
3904 39 (194) [0,240]
2468 39 (159) [0,242]
10490 48 (157) [0,242]
643 48 (155) [0,243]
643 39 (151) [0,243]
203 48 (150) [0,244]
203 39 (151) [0,244]
734 48 (220) [0,244]
734 39 (171) [0,244]
727 48 (161) [0,245]
727 39 (157) [0,245]
3510 48 (150) [0,245]
3510 39 (159) [0,245]
2254 39 (158) [0,246]
5051 48 (150) [0,248]
2065 48 (155) [0,249]
2065 39 (173) [0,249]
978 39 (186) [0,250]
2187 48 (162) [0,251]
390 38 (240) [0,253]
390 39 (170) [0,253]
1930 48 (152) [0,253]
1930 39 (159) [0,253]
1973 48 (162) [0,253]
2015 48 (180) [0,255]
2015 39 (153) [0,255]
2115 48 (169) [0,256]
2115 39 (151) [0,256]
232 48 (152) [0,257]
2991 39 (159) [0,257]
640 48 (170) [0,258]
640 39 (163) [0,258]
829 39 (153) [0,258]
1619 48 (170) [0,258]
1619 39 (181) [0,258]
370 38 (250) [0,261]
370 39 (171) [0,261]
1046 32 (247) [0,261]
903 39 (189) [0,263]
2492 48 (162) [0,263]
12935 48 (201) [0,263]
12935 39 (178) [0,263]
424 48 (164) [0,264]
424 39 (150) [0,264]
840 38 (256) [0,264]
840 39 (162) [0,264]
730 48 (156) [0,265]
730 39 (174) [0,265]
10656 48 (158) [0,265]
2552 48 (165) [0,268]
2353 48 (154) [0,270]
2353 39 (178) [0,270]
1257 48 (173) [0,271]
1257 39 (176) [0,271]
13443 39 (157) [0,271]
176 48 (152) [0,272]
341 48 (164) [0,272]
341 39 (153) [0,272]
715 48 (187) [0,273]
715 39 (156) [0,273]
1361 48 (151) [0,275]
1361 39 (185) [0,275]
8691 48 (205) [0,275]
8691 39 (186) [0,275]
3502 48 (160) [0,276]
3502 39 (179) [0,276]
1214 39 (159) [0,277]
2208 48 (153) [0,277]
2208 39 (163) [0,277]
1313 48 (180) [0,279]
1313 39 (183) [0,279]
1481 48 (161) [0,279]
1481 39 (184) [0,279]
1859 48 (151) [0,280]
1859 39 (160) [0,280]
13189 39 (167) [0,280]
694 48 (154) [0,281]
694 39 (181) [0,281]
1277 48 (169) [0,282]
1277 39 (163) [0,282]
2515 48 (164) [0,282]
2523 48 (180) [0,282]
2523 39 (164) [0,282]
10491 48 (163) [0,282]
10491 39 (171) [0,282]
1103 48 (174) [0,283]
1103 39 (174) [0,283]
365 48 (168) [0,284]
365 39 (187) [0,284]
1003 48 (177) [0,284]
1003 39 (184) [0,284]
1062 48 (154) [0,284]
1062 39 (183) [0,284]
12 48 (162) [0,285]
12 39 (164) [0,285]
12943 39 (176) [0,285]
514 48 (192) [0,286]
514 39 (182) [0,286]
2241 48 (192) [0,287]
2241 39 (201) [0,287]
14099 48 (171) [0,287]
14099 39 (176) [0,287]
842 39 (181) [0,289]
1066 48 (175) [0,289]
1066 39 (168) [0,289]
1052 48 (193) [0,290]
3799 48 (182) [0,290]
3799 39 (195) [0,290]
9555 48 (163) [0,291]
9555 39 (167) [0,291]
10653 48 (175) [0,291]
10653 39 (169) [0,291]
16430 48 (156) [0,291]
16430 39 (155) [0,291]
246 48 (189) [0,292]
246 39 (186) [0,292]
1126 48 (172) [0,292]
1126 39 (166) [0,292]
1158 48 (156) [0,292]
1158 39 (164) [0,292]
415 48 (184) [0,293]
415 39 (174) [0,293]
830 48 (208) [0,293]
830 39 (177) [0,293]
2775 48 (176) [0,293]
2775 39 (173) [0,293]
8985 48 (159) [0,296]
8985 39 (196) [0,296]
1585 48 (197) [0,297]
1585 39 (170) [0,297]
4698 48 (192) [0,297]
4698 39 (201) [0,297]
248 48 (199) [0,298]
248 39 (197) [0,298]
2505 48 (174) [0,298]
2505 39 (207) [0,298]
3361 48 (171) [0,298]
3361 39 (175) [0,298]
12951 48 (162) [0,298]
12951 39 (206) [0,298]
1486 48 (200) [0,299]
1486 39 (187) [0,299]
1513 48 (180) [0,300]
1513 39 (206) [0,300]
9501 48 (160) [0,301]
9501 39 (187) [0,301]
1000 48 (157) [0,302]
1000 39 (176) [0,302]
2343 48 (174) [0,302]
2343 39 (167) [0,302]
352 48 (174) [0,303]
352 39 (150) [0,303]
1557 48 (193) [0,304]
1557 39 (185) [0,304]
351 48 (159) [0,305]
351 39 (161) [0,305]
547 48 (181) [0,305]
547 39 (173) [0,305]
1543 48 (180) [0,306]
1543 39 (213) [0,306]
2056 48 (189) [0,306]
2056 39 (185) [0,306]
319 48 (172) [0,307]
319 39 (183) [0,307]
384 48 (177) [0,307]
384 39 (197) [0,307]
1113 48 (173) [0,307]
1113 39 (169) [0,307]
591 48 (204) [0,309]
591 39 (205) [0,309]
432 48 (161) [0,310]
432 39 (181) [0,310]
2987 48 (200) [0,310]
2987 39 (170) [0,310]
490 48 (208) [0,312]
490 39 (194) [0,312]
47 38 (308) [0,314]
47 48 (182) [0,314]
47 39 (219) [0,314]
1659 48 (177) [0,314]
1659 39 (213) [0,314]
2673 48 (220) [0,314]
2673 39 (185) [0,314]
979 48 (199) [0,315]
979 39 (235) [0,315]
178 48 (160) [0,317]
178 39 (213) [0,317]
1121 48 (194) [0,318]
1121 39 (203) [0,318]
2135 48 (204) [0,318]
2135 39 (221) [0,318]
831 48 (216) [0,319]
831 39 (222) [0,319]
793 48 (200) [0,320]
793 39 (204) [0,320]
12959 48 (150) [0,322]
12959 39 (182) [0,322]
1867 48 (197) [0,323]
1867 39 (188) [0,323]
2051 48 (214) [0,323]
2051 39 (213) [0,323]
2399 48 (184) [0,324]
2399 39 (190) [0,324]
1704 48 (180) [0,325]
1704 39 (202) [0,325]
10444 48 (205) [0,325]
10444 39 (204) [0,325]
80 48 (195) [0,326]
80 39 (224) [0,326]
136 48 (206) [0,326]
136 39 (210) [0,326]
2184 48 (199) [0,327]
2184 39 (206) [0,327]
281 38 (313) [0,328]
281 48 (200) [0,328]
281 39 (211) [0,328]
1020 48 (189) [0,329]
1020 39 (199) [0,329]
1404 48 (196) [0,329]
1404 39 (206) [0,329]
2329 48 (222) [0,329]
2329 39 (187) [0,329]
345 48 (213) [0,331]
345 39 (202) [0,331]
1677 48 (221) [0,333]
1677 39 (207) [0,333]
2879 48 (193) [0,333]
2879 39 (203) [0,333]
1987 48 (209) [0,336]
1987 39 (210) [0,336]
798 48 (218) [0,338]
798 39 (194) [0,338]
418 48 (191) [0,339]
418 39 (211) [0,339]
808 48 (188) [0,340]
808 39 (195) [0,340]
14933 48 (202) [0,342]
14933 39 (227) [0,342]
1479 48 (199) [0,344]
1479 39 (220) [0,344]
408 48 (206) [0,345]
408 39 (206) [0,345]
790 38 (339) [0,347]
790 48 (204) [0,347]
790 39 (246) [0,347]
52 48 (224) [0,349]
52 39 (223) [0,349]
910 48 (214) [0,351]
910 39 (216) [0,351]
2080 48 (204) [0,351]
2080 39 (192) [0,351]
571 48 (223) [0,354]
571 39 (220) [0,354]
208 48 (225) [0,355]
208 39 (220) [0,355]
2168 48 (182) [0,355]
2168 39 (210) [0,355]
916 48 (216) [0,358]
916 39 (235) [0,358]
53 48 (227) [0,360]
53 39 (249) [0,360]
426 48 (238) [0,360]
426 39 (246) [0,360]
855 48 (213) [0,361]
855 39 (225) [0,361]
856 48 (197) [0,361]
856 39 (209) [0,361]
1714 48 (206) [0,363]
1714 39 (240) [0,363]
704 48 (216) [0,366]
704 39 (192) [0,366]
913 48 (212) [0,366]
913 39 (230) [0,366]
2118 48 (239) [0,366]
2118 39 (207) [0,366]
56 38 (356) [0,368]
56 48 (212) [0,368]
56 39 (253) [0,368]
94 48 (203) [0,368]
94 39 (216) [0,368]
398 48 (229) [0,370]
398 39 (230) [0,370]
1355 48 (190) [0,370]
1355 39 (234) [0,370]
2284 48 (211) [0,370]
2284 39 (252) [0,370]
261 48 (230) [0,371]
261 39 (253) [0,371]
961 48 (235) [0,375]
961 39 (230) [0,375]
30 48 (215) [0,376]
30 39 (244) [0,376]
2 48 (186) [0,377]
2 39 (211) [0,377]
623 48 (218) [0,377]
623 39 (221) [0,377]
1043 48 (216) [0,379]
1043 39 (234) [0,379]
155 48 (215) [0,380]
155 39 (235) [0,380]
4883 48 (226) [0,380]
4883 39 (229) [0,380]
12946 48 (202) [0,380]
12946 39 (240) [0,380]
1417 48 (233) [0,386]
1417 39 (232) [0,386]
62 48 (220) [0,387]
62 39 (186) [0,387]
1693 48 (226) [0,388]
1693 39 (253) [0,388]
297 48 (235) [0,389]
297 39 (262) [0,389]
878 48 (210) [0,389]
878 39 (238) [0,389]
581 48 (245) [0,394]
581 39 (256) [0,394]
1067 48 (247) [0,396]
1067 39 (227) [0,396]
2383 48 (240) [0,398]
2383 39 (256) [0,398]
4336 48 (223) [0,400]
4336 39 (235) [0,400]
675 48 (261) [0,405]
675 39 (280) [0,405]
1239 48 (247) [0,405]
1239 39 (248) [0,405]
1872 48 (236) [0,408]
1872 39 (238) [0,408]
374 48 (233) [0,409]
374 39 (256) [0,409]
846 48 (200) [0,410]
846 39 (225) [0,410]
150 48 (240) [0,411]
150 39 (239) [0,411]
885 48 (224) [0,412]
885 39 (256) [0,412]
209 48 (212) [0,413]
209 39 (220) [0,413]
809 48 (254) [0,413]
809 39 (272) [0,413]
425 48 (281) [0,414]
425 39 (267) [0,414]
2437 48 (255) [0,414]
2437 39 (223) [0,414]
789 48 (273) [0,417]
789 39 (293) [0,417]
947 48 (228) [0,417]
947 39 (227) [0,417]
1783 48 (231) [0,420]
1783 39 (258) [0,420]
2199 48 (275) [0,420]
2199 39 (241) [0,420]
2046 48 (204) [0,421]
2046 39 (231) [0,421]
8978 41 (197) [0,422]
8978 48 (242) [0,422]
8978 39 (305) [0,422]
420 48 (229) [0,423]
420 39 (248) [0,423]
10446 48 (228) [0,427]
10446 39 (249) [0,427]
267 48 (276) [0,429]
267 39 (300) [0,429]
865 48 (267) [0,430]
865 39 (271) [0,430]
1144 48 (249) [0,430]
1144 39 (250) [0,430]
251 48 (239) [0,432]
251 39 (238) [0,432]
1715 48 (264) [0,434]
1715 39 (257) [0,434]
1986 48 (258) [0,435]
1986 39 (296) [0,435]
15618 48 (230) [0,439]
15618 39 (244) [0,439]
441 48 (240) [0,442]
441 39 (279) [0,442]
279 48 (273) [0,449]
279 39 (284) [0,449]
272 48 (263) [0,452]
272 39 (308) [0,452]
1135 48 (376) [0,455]
1135 39 (308) [0,455]
1198 41 (151) [0,455]
1198 48 (253) [0,455]
1198 39 (273) [0,455]
105 38 (446) [0,456]
105 48 (255) [0,456]
105 39 (307) [0,456]
340 48 (280) [0,457]
340 39 (278) [0,457]
16011 16010 (448) [0,459]
16011 41 (166) [0,459]
16011 48 (256) [0,459]
16011 39 (282) [0,459]
186 48 (309) [0,466]
186 39 (298) [0,466]
407 48 (286) [0,469]
407 39 (289) [0,469]
3616 1146 (218) [0,470]
3616 48 (276) [0,470]
3616 39 (307) [0,470]
681 48 (261) [0,477]
681 39 (289) [0,477]
10 48 (285) [0,478]
10 39 (311) [0,478]
379 48 (251) [0,479]
379 39 (307) [0,479]
259 48 (260) [0,480]
259 39 (254) [0,480]
1814 48 (314) [0,484]
1814 39 (320) [0,484]
396 48 (273) [0,487]
396 39 (307) [0,487]
260 48 (276) [0,489]
260 39 (306) [0,489]
269 48 (300) [0,489]
269 39 (309) [0,489]
11 48 (317) [0,490]
11 39 (325) [0,490]
464 48 (310) [0,494]
464 39 (295) [0,494]
535 48 (281) [0,494]
535 39 (274) [0,494]
55 38 (473) [0,503]
55 48 (234) [0,503]
55 39 (329) [0,503]
12929 48 (289) [0,503]
12929 39 (327) [0,503]
488 48 (305) [0,506]
488 39 (275) [0,506]
449 48 (283) [0,507]
449 39 (266) [0,507]
772 48 (312) [0,508]
772 39 (270) [0,508]
806 48 (271) [0,510]
806 39 (348) [0,510]
1435 48 (300) [0,529]
1435 39 (316) [0,529]
23 48 (293) [0,530]
23 39 (359) [0,530]
107 48 (322) [0,530]
107 39 (283) [0,530]
664 48 (273) [0,530]
664 39 (344) [0,530]
334 48 (299) [0,532]
334 39 (340) [0,532]
371 38 (524) [0,534]
371 48 (268) [0,534]
371 39 (368) [0,534]
1344 41 (185) [0,536]
1344 48 (304) [0,536]
1344 39 (343) [0,536]
103 48 (281) [0,538]
103 39 (339) [0,538]
703 48 (312) [0,549]
703 39 (306) [0,549]
812 48 (316) [0,550]
812 39 (311) [0,550]
766 48 (348) [0,555]
766 39 (339) [0,555]
570 48 (354) [0,559]
570 39 (392) [0,559]
976 117 (208) [0,561]
976 48 (300) [0,561]
976 39 (318) [0,561]
156 48 (323) [0,562]
156 39 (394) [0,562]
229 48 (379) [0,562]
229 39 (348) [0,562]
1600 48 (317) [0,564]
1600 39 (335) [0,564]
544 48 (349) [0,598]
544 39 (366) [0,598]
549 48 (360) [0,598]
549 39 (337) [0,598]
389 38 (151) [0,602]
389 48 (310) [0,602]
389 39 (398) [0,602]
18 48 (325) [0,610]
18 39 (386) [0,610]
649 48 (352) [0,614]
649 39 (385) [0,614]
76 41 (155) [0,620]
76 48 (337) [0,620]
76 39 (373) [0,620]
1578 48 (320) [0,620]
1578 39 (400) [0,620]
242 48 (269) [0,627]
242 39 (384) [0,627]
2958 41 (154) [0,631]
2958 48 (541) [0,631]
2958 39 (450) [0,631]
45 48 (346) [0,634]
45 39 (381) [0,634]
956 41 (162) [0,635]
956 48 (384) [0,635]
956 39 (417) [0,635]
10515 405 (215) [0,635]
10515 48 (378) [0,635]
10515 39 (382) [0,635]
405 48 (380) [0,645]
405 39 (366) [0,645]
479 48 (361) [0,645]
479 39 (405) [0,645]
264 41 (154) [0,647]
264 38 (189) [0,647]
264 48 (374) [0,647]
264 39 (437) [0,647]
31 48 (346) [0,649]
31 39 (381) [0,649]
175 41 (203) [0,658]
175 38 (188) [0,658]
175 48 (335) [0,658]
175 39 (431) [0,658]
3270 48 (425) [0,673]
3270 39 (410) [0,673]
783 48 (404) [0,676]
783 39 (444) [0,676]
19 48 (410) [0,679]
19 39 (410) [0,679]
522 41 (154) [0,690]
522 48 (408) [0,690]
522 39 (451) [0,690]
179 32 (166) [0,693]
179 41 (165) [0,693]
179 48 (437) [0,693]
179 39 (458) [0,693]
117 41 (183) [0,701]
117 48 (404) [0,701]
117 39 (372) [0,701]
258 41 (176) [0,704]
258 48 (480) [0,704]
258 39 (456) [0,704]
13041 32 (154) [0,718]
13041 41 (267) [0,718]
13041 48 (418) [0,718]
13041 39 (469) [0,718]
161 41 (152) [0,721]
161 48 (383) [0,721]
161 39 (447) [0,721]
78 32 (156) [0,740]
78 48 (581) [0,740]
78 39 (544) [0,740]
677 32 (190) [0,744]
677 48 (443) [0,744]
677 39 (429) [0,744]
589 32 (159) [0,758]
589 41 (158) [0,758]
589 48 (436) [0,758]
589 39 (489) [0,758]
1004 32 (202) [0,767]
1004 48 (429) [0,767]
1004 39 (404) [0,767]
37 41 (177) [0,783]
37 38 (760) [0,783]
37 48 (402) [0,783]
37 39 (512) [0,783]
49 41 (159) [0,786]
49 38 (170) [0,786]
49 48 (605) [0,786]
49 39 (552) [0,786]
201 41 (176) [0,795]
201 48 (464) [0,795]
201 39 (460) [0,795]
286 32 (155) [0,796]
286 41 (178) [0,796]
286 38 (768) [0,796]
286 48 (410) [0,796]
286 39 (520) [0,796]
548 32 (194) [0,799]
548 41 (159) [0,799]
548 48 (463) [0,799]
548 39 (472) [0,799]
15832 32 (161) [0,801]
15832 41 (304) [0,801]
15832 48 (404) [0,801]
15832 39 (508) [0,801]
1393 48 (448) [0,808]
1393 39 (544) [0,808]
301 32 (198) [0,823]
301 41 (174) [0,823]
301 48 (443) [0,823]
301 39 (485) [0,823]
249 41 (183) [0,825]
249 38 (192) [0,825]
249 48 (464) [0,825]
249 39 (529) [0,825]
740 38 (158) [0,825]
740 48 (366) [0,825]
740 39 (540) [0,825]
824 32 (191) [0,840]
824 41 (210) [0,840]
824 48 (491) [0,840]
824 39 (473) [0,840]
592 32 (171) [0,843]
592 41 (214) [0,843]
592 48 (511) [0,843]
592 39 (514) [0,843]
16217 41 (312) [0,847]
16217 48 (469) [0,847]
16217 39 (535) [0,847]
604 32 (167) [0,862]
604 41 (203) [0,862]
604 48 (505) [0,862]
604 39 (568) [0,862]
338 32 (159) [0,892]
338 41 (180) [0,892]
338 48 (558) [0,892]
338 39 (523) [0,892]
123 32 (189) [0,893]
123 41 (164) [0,893]
123 48 (539) [0,893]
123 39 (501) [0,893]
16010 32 (194) [0,900]
16010 41 (319) [0,900]
16010 48 (503) [0,900]
16010 39 (557) [0,900]
14098 32 (160) [0,918]
14098 48 (514) [0,918]
14098 39 (580) [0,918]
185 32 (194) [0,969]
185 41 (209) [0,969]
185 48 (569) [0,969]
185 39 (570) [0,969]
9 32 (171) [0,976]
9 41 (217) [0,976]
9 48 (570) [0,976]
9 39 (605) [0,976]
1146 32 (238) [0,1021]
1146 41 (370) [0,1021]
1146 38 (214) [0,1021]
1146 48 (571) [0,1021]
1146 39 (702) [0,1021]
12925 32 (169) [0,1026]
12925 38 (201) [0,1026]
12925 48 (565) [0,1026]
12925 39 (663) [0,1026]
533 32 (201) [0,1040]
533 41 (242) [0,1040]
533 38 (174) [0,1040]
533 48 (602) [0,1040]
533 39 (638) [0,1040]
255 32 (237) [0,1050]
255 41 (234) [0,1050]
255 38 (186) [0,1050]
255 48 (747) [0,1050]
255 39 (755) [0,1050]
60 32 (177) [0,1058]
60 41 (192) [0,1058]
60 48 (575) [0,1058]
60 39 (701) [0,1058]
79 32 (268) [0,1122]
79 41 (347) [0,1122]
79 38 (218) [0,1122]
79 48 (619) [0,1122]
79 39 (785) [0,1122]
270 2238 (178) [0,1187]
270 271 (468) [0,1187]
270 225 (201) [0,1187]
270 32 (285) [0,1187]
270 41 (340) [0,1187]
270 38 (270) [0,1187]
270 48 (634) [0,1187]
270 39 (829) [0,1187]
2238 271 (188) [0,1196]
2238 225 (285) [0,1196]
2238 32 (252) [0,1196]
2238 41 (411) [0,1196]
2238 38 (277) [0,1196]
2238 48 (655) [0,1196]
2238 39 (907) [0,1196]
1327 32 (214) [0,1266]
1327 41 (318) [0,1266]
1327 38 (250) [0,1266]
1327 48 (686) [0,1266]
1327 39 (806) [0,1266]
147 32 (254) [0,1267]
147 41 (325) [0,1267]
147 38 (243) [0,1267]
147 48 (747) [0,1267]
147 39 (795) [0,1267]
413 32 (231) [0,1292]
413 41 (278) [0,1292]
413 38 (208) [0,1292]
413 48 (779) [0,1292]
413 39 (756) [0,1292]
438 32 (244) [0,1300]
438 41 (302) [0,1300]
438 38 (270) [0,1300]
438 48 (710) [0,1300]
438 39 (899) [0,1300]
271 225 (283) [0,1475]
271 32 (329) [0,1475]
271 41 (420) [0,1475]
271 38 (267) [0,1475]
271 48 (759) [0,1475]
271 39 (1017) [0,1475]
475 32 (314) [0,1520]
475 41 (410) [0,1520]
475 38 (285) [0,1520]
475 48 (1007) [0,1520]
475 39 (1049) [0,1520]
101 65 (172) [0,1544]
101 32 (283) [0,1544]
101 41 (341) [0,1544]
101 38 (259) [0,1544]
101 48 (895) [0,1544]
101 39 (968) [0,1544]
310 89 (162) [0,1780]
310 65 (153) [0,1780]
310 32 (369) [0,1780]
310 41 (490) [0,1780]
310 38 (299) [0,1780]
310 48 (1187) [0,1780]
310 39 (1272) [0,1780]
110 32 (280) [0,1876]
110 41 (452) [0,1876]
110 38 (1828) [0,1876]
110 48 (925) [0,1876]
110 39 (1178) [0,1876]
36 170 (150) [0,2104]
36 32 (350) [0,2104]
36 41 (513) [0,2104]
36 38 (1996) [0,2104]
36 48 (1006) [0,2104]
36 39 (1473) [0,2104]
237 89 (171) [0,2123]
237 65 (150) [0,2123]
237 32 (387) [0,2123]
237 41 (402) [0,2123]
237 38 (472) [0,2123]
237 48 (1195) [0,2123]
237 39 (1352) [0,2123]
170 32 (373) [0,2129]
170 41 (558) [0,2129]
170 38 (2094) [0,2129]
170 48 (1083) [0,2129]
170 39 (1426) [0,2129]
225 32 (468) [0,2269]
225 41 (625) [0,2269]
225 38 (480) [0,2269]
225 48 (1223) [0,2269]
225 39 (1641) [0,2269]
89 65 (222) [0,2700]
89 32 (489) [0,2700]
89 41 (539) [0,2700]
89 38 (553) [0,2700]
89 48 (1966) [0,2700]
89 39 (1955) [0,2700]
65 32 (538) [0,3116]
65 41 (673) [0,3116]
65 38 (453) [0,3116]
65 48 (1767) [0,3116]
65 39 (1957) [0,3116]
32 41 (2239) [0,10414]
32 38 (1936) [0,10414]
32 48 (5624) [0,10414]
32 39 (5940) [0,10414]
41 38 (2705) [0,10460]
41 48 (6343) [0,10460]
41 39 (8019) [0,10460]
38 48 (5533) [0,10844]
38 39 (7179) [0,10844]
48 39 (20392) [4620,29349]
3904 38 39 (189) [189,194]
734 48 39 (155) [147,171]
390 38 39 (160) [157,170]
370 38 39 (165) [160,171]
840 38 39 (158) [154,162]
591 48 39 (150) [100,204]
47 38 48 (181) [176,182]
47 38 39 (216) [213,219]
979 48 39 (163) [119,199]
2135 48 39 (164) [107,204]
831 48 39 (165) [119,216]
2051 48 39 (157) [104,213]
80 48 39 (150) [93,195]
136 48 39 (153) [90,206]
281 38 48 (194) [185,200]
281 38 39 (201) [196,211]
1404 48 39 (150) [73,196]
2329 48 39 (152) [80,187]
1677 48 39 (155) [95,207]
1987 48 39 (150) [83,209]
798 48 39 (154) [74,194]
14933 48 39 (152) [87,202]
790 38 48 (199) [196,204]
790 38 39 (242) [238,246]
790 48 39 (165) [103,204]
52 48 39 (165) [98,223]
571 48 39 (168) [89,220]
208 48 39 (153) [90,220]
916 48 39 (163) [93,216]
53 48 39 (180) [116,227]
426 48 39 (191) [124,238]
855 48 39 (155) [77,213]
913 48 39 (157) [76,212]
2118 48 39 (158) [80,207]
56 38 48 (205) [200,212]
56 38 39 (245) [241,253]
56 48 39 (157) [97,212]
398 48 39 (159) [89,229]
2284 48 39 (163) [93,211]
261 48 39 (173) [112,230]
961 48 39 (174) [90,230]
30 48 39 (161) [83,215]
1043 48 39 (161) [71,216]
1417 48 39 (159) [79,232]
1693 48 39 (165) [91,226]
297 48 39 (170) [108,235]
878 48 39 (157) [59,210]
581 48 39 (183) [107,245]
1067 48 39 (168) [78,227]
2383 48 39 (180) [98,240]
4336 48 39 (154) [58,223]
675 48 39 (202) [136,261]
1239 48 39 (167) [90,247]
1872 48 39 (155) [66,236]
374 48 39 (167) [80,233]
150 48 39 (165) [68,239]
885 48 39 (161) [68,224]
809 48 39 (197) [113,254]
425 48 39 (200) [134,267]
2437 48 39 (161) [64,223]
789 48 39 (213) [149,273]
1783 48 39 (165) [69,231]
2199 48 39 (187) [96,241]
8978 41 39 (168) [80,197]
8978 48 39 (200) [125,242]
420 48 39 (160) [54,229]
10446 48 39 (158) [50,228]
267 48 39 (218) [147,276]
865 48 39 (196) [108,267]
1144 48 39 (180) [69,249]
251 48 39 (153) [45,238]
1715 48 39 (178) [87,257]
1986 48 39 (197) [119,258]
15618 48 39 (156) [35,230]
441 48 39 (175) [77,240]
279 48 39 (197) [108,273]
272 48 39 (190) [119,263]
1135 48 39 (262) [229,308]
1198 48 39 (182) [71,253]
105 38 48 (252) [245,255]
105 38 39 (302) [297,307]
105 48 39 (196) [106,255]
340 48 39 (191) [101,278]
16011 16010 41 (161) [155,166]
16011 16010 48 (248) [245,256]
16011 16010 39 (277) [271,282]
16011 48 39 (186) [79,256]
186 48 39 (228) [141,298]
407 48 39 (209) [106,286]
3616 48 39 (199) [113,276]
681 48 39 (192) [73,261]
10 48 39 (217) [118,285]
379 48 39 (187) [79,251]
259 48 39 (173) [34,254]
1814 48 39 (232) [150,314]
396 48 39 (194) [93,273]
260 48 39 (197) [93,276]
269 48 39 (217) [120,300]
11 48 39 (235) [152,317]
464 48 39 (208) [111,295]
535 48 39 (184) [61,274]
55 38 48 (224) [204,234]
55 38 39 (306) [299,329]
55 48 39 (178) [60,234]
12929 48 39 (219) [113,289]
488 48 39 (197) [74,275]
449 48 39 (170) [42,266]
772 48 39 (193) [74,270]
806 48 39 (215) [109,271]
1435 48 39 (211) [87,300]
23 48 39 (222) [122,293]
107 48 39 (215) [75,283]
664 48 39 (210) [87,273]
334 48 39 (221) [107,299]
371 38 48 (264) [258,268]
371 38 39 (363) [358,368]
371 48 39 (210) [102,268]
1344 41 39 (155) [0,185]
1344 48 39 (222) [111,304]
103 48 39 (214) [82,281]
703 48 39 (204) [69,306]
812 48 39 (209) [77,311]
766 48 39 (246) [132,339]
570 48 39 (279) [187,354]
976 48 39 (214) [57,300]
156 48 39 (258) [155,323]
229 48 39 (267) [165,348]
1600 48 39 (220) [88,317]
544 48 39 (237) [117,349]
549 48 39 (239) [99,337]
389 48 39 (244) [106,310]
18 48 39 (233) [101,325]
649 48 39 (255) [123,352]
76 48 39 (241) [90,337]
1578 48 39 (232) [100,320]
242 48 39 (198) [26,269]
2958 48 39 (386) [360,450]
45 48 39 (250) [93,346]
956 48 39 (289) [166,384]
10515 48 39 (271) [125,378]
405 48 39 (248) [101,366]
479 48 39 (257) [121,361]
264 48 39 (286) [164,374]
31 48 39 (240) [78,346]
175 41 39 (164) [0,203]
175 48 39 (261) [108,335]
3270 48 39 (300) [162,410]
783 48 39 (305) [172,404]
19 48 39 (288) [141,410]
522 48 39 (288) [169,408]
179 48 39 (317) [202,437]
117 48 39 (244) [75,372]
258 48 39 (338) [232,456]
13041 41 48 (190) [0,267]
13041 41 39 (212) [18,267]
13041 48 39 (305) [169,418]
161 48 39 (265) [109,383]
78 48 39 (431) [385,544]
677 48 39 (302) [128,429]
589 48 39 (311) [167,436]
1004 48 39 (265) [66,404]
37 41 38 (176) [154,177]
37 38 48 (396) [379,402]
37 38 39 (493) [489,512]
37 48 39 (308) [131,402]
49 48 39 (455) [371,552]
201 48 39 (303) [129,460]
286 32 38 (151) [127,155]
286 41 38 (174) [150,178]
286 38 48 (406) [382,410]
286 38 39 (506) [492,520]
286 48 39 (325) [134,410]
548 48 39 (326) [136,463]
15832 41 48 (183) [0,304]
15832 41 39 (232) [11,304]
15832 48 39 (307) [111,404]
1393 48 39 (334) [184,448]
301 48 39 (322) [105,443]
249 41 39 (150) [0,183]
249 48 39 (355) [168,464]
740 48 39 (282) [81,366]
824 41 39 (155) [0,210]
824 48 39 (322) [124,473]
592 41 39 (175) [0,214]
592 48 39 (365) [182,511]
16217 41 48 (204) [0,312]
16217 41 39 (243) [0,312]
16217 48 39 (340) [157,469]
604 41 39 (174) [0,203]
604 48 39 (398) [211,505]
338 48 39 (371) [189,523]
123 48 39 (349) [147,501]
16010 41 48 (221) [0,319]
16010 41 39 (250) [0,319]
16010 48 39 (361) [160,503]
14098 48 39 (400) [176,514]
185 41 39 (152) [0,209]
185 48 39 (383) [170,569]
9 41 48 (164) [0,217]
9 41 39 (167) [0,217]
9 48 39 (404) [199,570]
1146 32 39 (151) [0,238]
1146 41 48 (226) [0,370]
1146 41 39 (286) [51,370]
1146 38 39 (167) [0,214]
1146 48 39 (436) [252,571]
12925 38 39 (157) [0,201]
12925 48 39 (419) [202,565]
533 41 48 (177) [0,242]
533 41 39 (195) [0,242]
533 48 39 (436) [200,602]
255 32 48 (181) [0,237]
255 32 39 (173) [0,237]
255 41 48 (186) [0,234]
255 41 39 (192) [0,234]
255 48 39 (575) [452,747]
60 41 39 (159) [0,192]
60 48 39 (432) [218,575]
79 32 48 (155) [0,268]
79 32 39 (175) [0,268]
79 41 48 (230) [0,347]
79 41 39 (263) [10,347]
79 38 39 (165) [0,218]
79 48 39 (492) [282,619]
270 271 48 (240) [0,468]
270 271 39 (338) [110,468]
270 225 39 (164) [0,201]
270 32 48 (175) [0,285]
270 32 39 (178) [0,285]
270 41 48 (200) [0,340]
270 41 39 (272) [0,340]
270 38 48 (164) [0,270]
270 38 39 (194) [0,270]
270 48 39 (492) [276,634]
2238 225 39 (222) [0,285]
2238 32 39 (179) [0,252]
2238 41 48 (264) [0,411]
2238 41 39 (342) [122,411]
2238 38 48 (166) [0,277]
2238 38 39 (215) [0,277]
2238 48 39 (543) [366,655]
1327 41 48 (210) [0,318]
1327 41 39 (262) [0,318]
1327 38 39 (198) [0,250]
1327 48 39 (504) [226,686]
147 32 48 (159) [0,254]
147 32 39 (175) [0,254]
147 41 48 (204) [0,325]
147 41 39 (244) [0,325]
147 38 48 (155) [0,243]
147 38 39 (185) [0,243]
147 48 39 (523) [275,747]
413 32 48 (158) [0,231]
413 41 48 (197) [0,278]
413 41 39 (211) [0,278]
413 38 39 (155) [0,208]
413 48 39 (529) [243,756]
438 32 48 (162) [0,244]
438 32 39 (171) [0,244]
438 41 48 (200) [0,302]
438 41 39 (266) [0,302]
438 38 39 (190) [0,270]
438 48 39 (549) [309,710]
271 225 48 (155) [0,283]
271 225 39 (220) [0,283]
271 32 48 (182) [0,329]
271 32 39 (215) [0,329]
271 41 48 (249) [0,420]
271 41 39 (328) [0,420]
271 38 48 (160) [0,267]
271 38 39 (198) [0,267]
271 48 39 (579) [301,759]
475 32 48 (215) [0,314]
475 32 39 (229) [0,314]
475 41 48 (307) [0,410]
475 41 39 (345) [0,410]
475 38 48 (209) [0,285]
475 38 39 (219) [0,285]
475 48 39 (765) [536,1007]
101 32 48 (177) [0,283]
101 32 39 (185) [0,283]
101 41 48 (231) [0,341]
101 41 39 (262) [0,341]
101 38 48 (167) [0,259]
101 38 39 (187) [0,259]
101 48 39 (651) [319,895]
310 32 48 (274) [0,369]
310 32 39 (260) [0,369]
310 41 48 (382) [0,490]
310 41 39 (424) [0,490]
310 38 48 (212) [0,299]
310 38 39 (231) [0,299]
310 48 39 (947) [679,1187]
110 32 38 (276) [232,280]
110 32 48 (167) [0,280]
110 32 39 (184) [0,280]
110 41 38 (445) [404,452]
110 41 48 (291) [0,452]
110 41 39 (352) [0,452]
110 38 48 (910) [877,925]
110 38 39 (1162) [1130,1178]
110 48 39 (695) [227,925]
36 32 38 (331) [242,350]
36 32 48 (188) [0,350]
36 32 39 (237) [0,350]
36 41 38 (490) [405,513]
36 41 48 (290) [0,513]
36 41 39 (420) [0,513]
36 38 48 (968) [898,1006]
36 38 39 (1404) [1365,1473]
36 48 39 (793) [375,1006]
237 32 48 (259) [0,387]
237 32 39 (248) [0,387]
237 41 48 (246) [0,402]
237 41 39 (325) [0,402]
237 38 48 (284) [0,472]
237 38 39 (359) [0,472]
237 48 39 (879) [424,1195]
170 32 38 (367) [338,373]
170 32 48 (217) [0,373]
170 32 39 (234) [0,373]
170 41 38 (551) [523,558]
170 41 48 (340) [0,558]
170 41 39 (434) [0,558]
170 38 48 (1073) [1048,1083]
170 38 39 (1403) [1391,1426]
170 48 39 (835) [380,1083]
225 32 48 (264) [0,468]
225 32 39 (329) [0,468]
225 41 38 (160) [0,480]
225 41 48 (381) [0,625]
225 41 39 (516) [0,625]
225 38 48 (277) [0,480]
225 38 39 (375) [0,480]
225 48 39 (980) [595,1223]
89 65 48 (174) [0,222]
89 65 39 (157) [0,222]
89 32 48 (388) [0,489]
89 32 39 (360) [0,489]
89 41 38 (154) [0,539]
89 41 48 (454) [0,539]
89 41 39 (455) [0,539]
89 38 48 (416) [0,553]
89 38 39 (417) [0,553]
89 48 39 (1510) [1221,1955]
65 32 48 (350) [0,538]
65 32 39 (365) [0,538]
65 41 38 (154) [0,453]
65 41 48 (451) [0,673]
65 41 39 (536) [0,673]
65 38 48 (293) [0,453]
65 38 39 (346) [0,453]
65 48 39 (1274) [608,1767]
32 41 38 (547) [0,1936]
32 41 48 (1444) [0,2239]
32 41 39 (1649) [0,2239]
32 38 48 (1124) [0,1936]
32 38 39 (1266) [0,1936]
32 48 39 (3790) [1150,5624]
41 38 48 (1658) [0,2705]
41 38 39 (2119) [264,2705]
41 48 39 (5181) [3902,6343]
38 48 39 (4220) [1868,5533]
790 38 48 39 (162) [161,164]
56 38 48 39 (153) [150,154]
105 38 48 39 (196) [193,196]
16011 16010 48 39 (182) [181,184]
55 38 48 39 (171) [168,175]
371 38 48 39 (209) [206,210]
13041 41 48 39 (155) [135,190]
37 38 48 39 (303) [302,306]
286 38 48 39 (321) [321,325]
15832 41 48 39 (157) [111,183]
16217 41 48 39 (170) [135,204]
16010 41 48 39 (186) [152,221]
1146 41 48 39 (186) [142,226]
255 41 48 39 (158) [144,186]
79 41 48 39 (187) [146,230]
270 271 48 39 (189) [110,240]
270 41 48 39 (168) [132,200]
2238 41 48 39 (231) [195,264]
1327 41 48 39 (179) [154,210]
147 41 48 39 (167) [123,204]
413 41 48 39 (159) [130,197]
438 41 48 39 (184) [164,200]
271 41 48 39 (198) [157,249]
475 32 48 39 (166) [130,215]
475 41 48 39 (271) [242,307]
475 38 48 39 (170) [143,209]
101 41 48 39 (185) [152,231]
310 32 48 39 (214) [165,260]
310 41 48 39 (337) [316,382]
310 38 48 39 (176) [144,212]
110 32 38 48 (164) [163,167]
110 32 38 39 (182) [180,184]
110 41 38 48 (289) [284,291]
110 41 38 39 (348) [345,352]
110 41 48 39 (243) [191,291]
110 38 48 39 (690) [680,695]
36 32 38 48 (182) [169,188]
36 32 38 39 (223) [218,237]
36 41 38 48 (282) [267,290]
36 41 38 39 (406) [397,420]
36 41 48 39 (253) [197,290]
36 38 48 39 (768) [755,793]
237 32 48 39 (183) [120,248]
237 41 48 39 (206) [169,246]
237 38 48 39 (245) [171,284]
170 32 38 48 (216) [211,217]
170 32 38 39 (229) [228,234]
170 32 48 39 (150) [78,217]
170 41 38 48 (336) [333,340]
170 41 38 39 (428) [427,434]
170 41 48 39 (287) [216,340]
170 38 48 39 (828) [825,835]
225 32 48 39 (216) [125,264]
225 41 48 39 (328) [272,381]
225 38 48 39 (235) [172,277]
89 32 48 39 (303) [259,360]
89 41 48 39 (390) [370,454]
89 38 48 39 (333) [280,416]
65 32 48 39 (259) [177,350]
65 41 48 39 (375) [314,451]
65 38 48 39 (236) [186,293]
32 41 38 48 (362) [0,547]
32 41 38 39 (419) [0,547]
32 41 48 39 (1144) [854,1444]
32 38 48 39 (850) [454,1124]
41 38 48 39 (1380) [1072,1658]
110 41 38 48 39 (242) [241,243]
36 41 38 48 39 (246) [245,253]
170 41 38 48 39 (284) [283,284]
32 41 38 48 39 (298) [234,362]
