(59602) [59602,59602]
2 (377) [0,59602]
5 (202) [0,59602]
9 (976) [0,59602]
10 (478) [0,59602]
11 (490) [0,59602]
12 (285) [0,59602]
15 (239) [0,59602]
18 (610) [0,59602]
19 (679) [0,59602]
23 (530) [0,59602]
30 (376) [0,59602]
31 (649) [0,59602]
32 (10414) [0,59602]
36 (2104) [0,59602]
37 (783) [0,59602]
38 (10844) [0,59602]
39 (34873) [0,59602]
41 (10460) [0,59602]
45 (634) [0,59602]
47 (314) [0,59602]
48 (29349) [0,59602]
49 (786) [0,59602]
52 (349) [0,59602]
53 (360) [0,59602]
55 (503) [0,59602]
56 (368) [0,59602]
60 (1058) [0,59602]
62 (387) [0,59602]
65 (3116) [0,59602]
66 (212) [0,59602]
75 (235) [0,59602]
76 (620) [0,59602]
78 (740) [0,59602]
79 (1122) [0,59602]
80 (326) [0,59602]
89 (2700) [0,59602]
94 (368) [0,59602]
96 (232) [0,59602]
101 (1544) [0,59602]
103 (538) [0,59602]
105 (456) [0,59602]
107 (530) [0,59602]
110 (1876) [0,59602]
117 (701) [0,59602]
123 (893) [0,59602]
136 (326) [0,59602]
147 (1267) [0,59602]
150 (411) [0,59602]
155 (380) [0,59602]
156 (562) [0,59602]
161 (721) [0,59602]
164 (228) [0,59602]
166 (214) [0,59602]
168 (217) [0,59602]
170 (2129) [0,59602]
175 (658) [0,59602]
176 (272) [0,59602]
178 (317) [0,59602]
179 (693) [0,59602]
185 (969) [0,59602]
186 (466) [0,59602]
195 (231) [0,59602]
201 (795) [0,59602]
203 (244) [0,59602]
204 (222) [0,59602]
208 (355) [0,59602]
209 (413) [0,59602]
213 (215) [0,59602]
215 (227) [0,59602]
225 (2269) [0,59602]
227 (221) [0,59602]
229 (562) [0,59602]
232 (257) [0,59602]
235 (210) [0,59602]
237 (2123) [0,59602]
242 (627) [0,59602]
246 (292) [0,59602]
248 (298) [0,59602]
249 (825) [0,59602]
251 (432) [0,59602]
255 (1050) [0,59602]
258 (704) [0,59602]
259 (480) [0,59602]
260 (489) [0,59602]
261 (371) [0,59602]
262 (229) [0,59602]
264 (647) [0,59602]
267 (429) [0,59602]
269 (489) [0,59602]
270 (1187) [0,59602]
271 (1475) [0,59602]
272 (452) [0,59602]
278 (207) [0,59602]
279 (449) [0,59602]
281 (328) [0,59602]
286 (796) [0,59602]
297 (389) [0,59602]
301 (823) [0,59602]
309 (215) [0,59602]
310 (1780) [0,59602]
319 (307) [0,59602]
320 (213) [0,59602]
334 (532) [0,59602]
338 (892) [0,59602]
340 (457) [0,59602]
341 (272) [0,59602]
342 (219) [0,59602]
345 (331) [0,59602]
346 (213) [0,59602]
351 (305) [0,59602]
352 (303) [0,59602]
365 (284) [0,59602]
370 (261) [0,59602]
371 (534) [0,59602]
374 (409) [0,59602]
379 (479) [0,59602]
384 (307) [0,59602]
389 (602) [0,59602]
390 (253) [0,59602]
396 (487) [0,59602]
397 (230) [0,59602]
398 (370) [0,59602]
405 (645) [0,59602]
407 (469) [0,59602]
408 (345) [0,59602]
412 (213) [0,59602]
413 (1292) [0,59602]
415 (293) [0,59602]
418 (339) [0,59602]
420 (423) [0,59602]
423 (208) [0,59602]
424 (264) [0,59602]
425 (414) [0,59602]
426 (360) [0,59602]
432 (310) [0,59602]
433 (229) [0,59602]
438 (1300) [0,59602]
441 (442) [0,59602]
449 (507) [0,59602]
464 (494) [0,59602]
475 (1520) [0,59602]
479 (645) [0,59602]
488 (506) [0,59602]
490 (312) [0,59602]
497 (232) [0,59602]
501 (208) [0,59602]
504 (206) [0,59602]
514 (286) [0,59602]
522 (690) [0,59602]
533 (1040) [0,59602]
534 (214) [0,59602]
535 (494) [0,59602]
543 (205) [0,59602]
544 (598) [0,59602]
547 (305) [0,59602]
548 (799) [0,59602]
549 (598) [0,59602]
570 (559) [0,59602]
571 (354) [0,59602]
581 (394) [0,59602]
589 (758) [0,59602]
591 (309) [0,59602]
592 (843) [0,59602]
604 (862) [0,59602]
610 (239) [0,59602]
622 (219) [0,59602]
623 (377) [0,59602]
640 (258) [0,59602]
643 (243) [0,59602]
649 (614) [0,59602]
652 (220) [0,59602]
653 (249) [0,59602]
664 (530) [0,59602]
675 (405) [0,59602]
677 (744) [0,59602]
681 (477) [0,59602]
682 (206) [0,59602]
694 (281) [0,59602]
697 (214) [0,59602]
703 (549) [0,59602]
704 (366) [0,59602]
715 (273) [0,59602]
718 (204) [0,59602]
727 (245) [0,59602]
730 (265) [0,59602]
734 (244) [0,59602]
740 (825) [0,59602]
751 (232) [0,59602]
766 (555) [0,59602]
768 (243) [0,59602]
769 (230) [0,59602]
772 (508) [0,59602]
783 (676) [0,59602]
785 (250) [0,59602]
789 (417) [0,59602]
790 (347) [0,59602]
793 (320) [0,59602]
798 (338) [0,59602]
806 (510) [0,59602]
808 (340) [0,59602]
809 (413) [0,59602]
812 (550) [0,59602]
817 (250) [0,59602]
824 (840) [0,59602]
829 (258) [0,59602]
830 (293) [0,59602]
831 (319) [0,59602]
840 (264) [0,59602]
842 (289) [0,59602]
846 (410) [0,59602]
855 (361) [0,59602]
856 (361) [0,59602]
865 (430) [0,59602]
878 (389) [0,59602]
885 (412) [0,59602]
903 (263) [0,59602]
907 (212) [0,59602]
910 (351) [0,59602]
913 (366) [0,59602]
916 (358) [0,59602]
921 (226) [0,59602]
927 (213) [0,59602]
938 (204) [0,59602]
947 (417) [0,59602]
956 (635) [0,59602]
961 (375) [0,59602]
976 (561) [0,59602]
978 (250) [0,59602]
979 (315) [0,59602]
984 (233) [0,59602]
989 (217) [0,59602]
993 (239) [0,59602]
1000 (302) [0,59602]
1003 (284) [0,59602]
1004 (767) [0,59602]
1020 (329) [0,59602]
1027 (227) [0,59602]
1034 (207) [0,59602]
1043 (379) [0,59602]
1046 (261) [0,59602]
1052 (290) [0,59602]
1062 (284) [0,59602]
1066 (289) [0,59602]
1067 (396) [0,59602]
1080 (211) [0,59602]
1081 (222) [0,59602]
1082 (264) [0,59602]
1103 (283) [0,59602]
1113 (307) [0,59602]
1121 (318) [0,59602]
1126 (292) [0,59602]
1135 (455) [0,59602]
1144 (430) [0,59602]
1146 (1021) [0,59602]
1158 (292) [0,59602]
1185 (216) [0,59602]
1196 (238) [0,59602]
1198 (455) [0,59602]
1209 (238) [0,59602]
1214 (277) [0,59602]
1239 (405) [0,59602]
1257 (271) [0,59602]
1277 (282) [0,59602]
1281 (213) [0,59602]
1308 (247) [0,59602]
1313 (279) [0,59602]
1327 (1266) [0,59602]
1333 (217) [0,59602]
1344 (536) [0,59602]
1355 (370) [0,59602]
1360 (225) [0,59602]
1361 (275) [0,59602]
1393 (808) [0,59602]
1404 (329) [0,59602]
1417 (386) [0,59602]
1425 (240) [0,59602]
1435 (529) [0,59602]
1444 (238) [0,59602]
1479 (344) [0,59602]
1481 (279) [0,59602]
1486 (299) [0,59602]
1489 (209) [0,59602]
1513 (300) [0,59602]
1529 (234) [0,59602]
1543 (306) [0,59602]
1557 (304) [0,59602]
1562 (264) [0,59602]
1564 (211) [0,59602]
1578 (620) [0,59602]
1585 (297) [0,59602]
1590 (207) [0,59602]
1600 (564) [0,59602]
1619 (258) [0,59602]
1638 (230) [0,59602]
1655 (226) [0,59602]
1659 (314) [0,59602]
1677 (333) [0,59602]
1693 (388) [0,59602]
1698 (207) [0,59602]
1704 (325) [0,59602]
1714 (363) [0,59602]
1715 (434) [0,59602]
1763 (204) [0,59602]
1783 (420) [0,59602]
1808 (238) [0,59602]
1814 (484) [0,59602]
1859 (280) [0,59602]
1867 (323) [0,59602]
1872 (408) [0,59602]
1930 (253) [0,59602]
1939 (211) [0,59602]
1956 (209) [0,59602]
1973 (253) [0,59602]
1986 (435) [0,59602]
1987 (336) [0,59602]
1991 (221) [0,59602]
2015 (255) [0,59602]
2046 (421) [0,59602]
2051 (323) [0,59602]
2054 (204) [0,59602]
2056 (306) [0,59602]
2065 (249) [0,59602]
2075 (219) [0,59602]
2080 (351) [0,59602]
2091 (234) [0,59602]
2115 (256) [0,59602]
2118 (366) [0,59602]
2135 (318) [0,59602]
2168 (355) [0,59602]
2184 (327) [0,59602]
2187 (251) [0,59602]
2191 (231) [0,59602]
2199 (420) [0,59602]
2208 (277) [0,59602]
2215 (231) [0,59602]
2238 (1196) [0,59602]
2241 (287) [0,59602]
2254 (246) [0,59602]
2284 (370) [0,59602]
2325 (235) [0,59602]
2329 (329) [0,59602]
2343 (302) [0,59602]
2353 (270) [0,59602]
2364 (205) [0,59602]
2375 (214) [0,59602]
2383 (398) [0,59602]
2388 (203) [0,59602]
2399 (324) [0,59602]
2425 (214) [0,59602]
2437 (414) [0,59602]
2440 (212) [0,59602]
2468 (242) [0,59602]
2492 (263) [0,59602]
2495 (231) [0,59602]
2505 (298) [0,59602]
2515 (282) [0,59602]
2523 (282) [0,59602]
2524 (211) [0,59602]
2552 (268) [0,59602]
2596 (200) [0,59602]
2625 (200) [0,59602]
2626 (249) [0,59602]
2629 (214) [0,59602]
2633 (229) [0,59602]
2635 (202) [0,59602]
2673 (314) [0,59602]
2749 (210) [0,59602]
2775 (293) [0,59602]
2792 (218) [0,59602]
2879 (333) [0,59602]
2894 (233) [0,59602]
2958 (631) [0,59602]
2987 (310) [0,59602]
2991 (257) [0,59602]
3270 (673) [0,59602]
3294 (209) [0,59602]
3316 (214) [0,59602]
3317 (213) [0,59602]
3361 (298) [0,59602]
3502 (276) [0,59602]
3510 (245) [0,59602]
3616 (470) [0,59602]
3668 (209) [0,59602]
3759 (219) [0,59602]
3799 (290) [0,59602]
3827 (228) [0,59602]
3904 (240) [0,59602]
3964 (224) [0,59602]
4207 (206) [0,59602]
4336 (400) [0,59602]
4393 (235) [0,59602]
4524 (231) [0,59602]
4650 (236) [0,59602]
4698 (297) [0,59602]
4779 (203) [0,59602]
4883 (380) [0,59602]
4994 (201) [0,59602]
5051 (248) [0,59602]
5074 (201) [0,59602]
5152 (207) [0,59602]
5729 (202) [0,59602]
7205 (251) [0,59602]
7975 (234) [0,59602]
8691 (275) [0,59602]
8978 (422) [0,59602]
8985 (296) [0,59602]
9501 (301) [0,59602]
9555 (291) [0,59602]
10442 (233) [0,59602]
10444 (325) [0,59602]
10446 (427) [0,59602]
10451 (203) [0,59602]
10490 (242) [0,59602]
10491 (282) [0,59602]
10515 (635) [0,59602]
10525 (229) [0,59602]
10551 (202) [0,59602]
10653 (291) [0,59602]
10656 (265) [0,59602]
10943 (217) [0,59602]
12925 (1026) [0,59602]
12929 (503) [0,59602]
12933 (238) [0,59602]
12935 (263) [0,59602]
12943 (285) [0,59602]
12946 (380) [0,59602]
12951 (298) [0,59602]
12959 (322) [0,59602]
12981 (212) [0,59602]
12982 (234) [0,59602]
13032 (221) [0,59602]
13041 (718) [0,59602]
13174 (233) [0,59602]
13189 (280) [0,59602]
13334 (236) [0,59602]
13443 (271) [0,59602]
14098 (918) [0,59602]
14099 (287) [0,59602]
14386 (201) [0,59602]
14933 (342) [0,59602]
15578 (216) [0,59602]
15618 (439) [0,59602]
15832 (801) [0,59602]
16010 (900) [0,59602]
16011 (459) [0,59602]
16217 (847) [0,59602]
16430 (291) [0,59602]
16431 (236) [0,59602]
1590 38 (200) [0,207]
1529 38 (213) [0,234]
16431 16430 (235) [0,236]
3904 38 (235) [0,240]
734 48 (220) [0,244]
390 38 (240) [0,253]
370 38 (250) [0,261]
1046 32 (247) [0,261]
12935 48 (201) [0,263]
840 38 (256) [0,264]
8691 48 (205) [0,275]
2241 39 (201) [0,287]
830 48 (208) [0,293]
4698 39 (201) [0,297]
2505 39 (207) [0,298]
12951 39 (206) [0,298]
1486 48 (200) [0,299]
1513 39 (206) [0,300]
1543 39 (213) [0,306]
591 48 (204) [0,309]
591 39 (205) [0,309]
2987 48 (200) [0,310]
490 48 (208) [0,312]
47 38 (308) [0,314]
47 39 (219) [0,314]
1659 39 (213) [0,314]
2673 48 (220) [0,314]
979 39 (235) [0,315]
178 39 (213) [0,317]
1121 39 (203) [0,318]
2135 48 (204) [0,318]
2135 39 (221) [0,318]
831 48 (216) [0,319]
831 39 (222) [0,319]
793 48 (200) [0,320]
793 39 (204) [0,320]
2051 48 (214) [0,323]
2051 39 (213) [0,323]
1704 39 (202) [0,325]
10444 48 (205) [0,325]
10444 39 (204) [0,325]
80 39 (224) [0,326]
136 48 (206) [0,326]
136 39 (210) [0,326]
2184 39 (206) [0,327]
281 38 (313) [0,328]
281 48 (200) [0,328]
281 39 (211) [0,328]
1404 39 (206) [0,329]
2329 48 (222) [0,329]
345 48 (213) [0,331]
345 39 (202) [0,331]
1677 48 (221) [0,333]
1677 39 (207) [0,333]
2879 39 (203) [0,333]
1987 48 (209) [0,336]
1987 39 (210) [0,336]
798 48 (218) [0,338]
418 39 (211) [0,339]
14933 48 (202) [0,342]
14933 39 (227) [0,342]
1479 39 (220) [0,344]
408 48 (206) [0,345]
408 39 (206) [0,345]
790 38 (339) [0,347]
790 48 (204) [0,347]
790 39 (246) [0,347]
52 48 (224) [0,349]
52 39 (223) [0,349]
910 48 (214) [0,351]
910 39 (216) [0,351]
2080 48 (204) [0,351]
571 48 (223) [0,354]
571 39 (220) [0,354]
208 48 (225) [0,355]
208 39 (220) [0,355]
2168 39 (210) [0,355]
916 48 (216) [0,358]
916 39 (235) [0,358]
53 48 (227) [0,360]
53 39 (249) [0,360]
426 48 (238) [0,360]
426 39 (246) [0,360]
855 48 (213) [0,361]
855 39 (225) [0,361]
856 39 (209) [0,361]
1714 48 (206) [0,363]
1714 39 (240) [0,363]
704 48 (216) [0,366]
913 48 (212) [0,366]
913 39 (230) [0,366]
2118 48 (239) [0,366]
2118 39 (207) [0,366]
56 38 (356) [0,368]
56 48 (212) [0,368]
56 39 (253) [0,368]
94 48 (203) [0,368]
94 39 (216) [0,368]
398 48 (229) [0,370]
398 39 (230) [0,370]
1355 39 (234) [0,370]
2284 48 (211) [0,370]
2284 39 (252) [0,370]
261 48 (230) [0,371]
261 39 (253) [0,371]
961 48 (235) [0,375]
961 39 (230) [0,375]
30 48 (215) [0,376]
30 39 (244) [0,376]
2 39 (211) [0,377]
623 48 (218) [0,377]
623 39 (221) [0,377]
1043 48 (216) [0,379]
1043 39 (234) [0,379]
155 48 (215) [0,380]
155 39 (235) [0,380]
4883 48 (226) [0,380]
4883 39 (229) [0,380]
12946 48 (202) [0,380]
12946 39 (240) [0,380]
1417 48 (233) [0,386]
1417 39 (232) [0,386]
62 48 (220) [0,387]
1693 48 (226) [0,388]
1693 39 (253) [0,388]
297 48 (235) [0,389]
297 39 (262) [0,389]
878 48 (210) [0,389]
878 39 (238) [0,389]
581 48 (245) [0,394]
581 39 (256) [0,394]
1067 48 (247) [0,396]
1067 39 (227) [0,396]
2383 48 (240) [0,398]
2383 39 (256) [0,398]
4336 48 (223) [0,400]
4336 39 (235) [0,400]
675 48 (261) [0,405]
675 39 (280) [0,405]
1239 48 (247) [0,405]
1239 39 (248) [0,405]
1872 48 (236) [0,408]
1872 39 (238) [0,408]
374 48 (233) [0,409]
374 39 (256) [0,409]
846 48 (200) [0,410]
846 39 (225) [0,410]
150 48 (240) [0,411]
150 39 (239) [0,411]
885 48 (224) [0,412]
885 39 (256) [0,412]
209 48 (212) [0,413]
209 39 (220) [0,413]
809 48 (254) [0,413]
809 39 (272) [0,413]
425 48 (281) [0,414]
425 39 (267) [0,414]
2437 48 (255) [0,414]
2437 39 (223) [0,414]
789 48 (273) [0,417]
789 39 (293) [0,417]
947 48 (228) [0,417]
947 39 (227) [0,417]
1783 48 (231) [0,420]
1783 39 (258) [0,420]
2199 48 (275) [0,420]
2199 39 (241) [0,420]
2046 48 (204) [0,421]
2046 39 (231) [0,421]
8978 48 (242) [0,422]
8978 39 (305) [0,422]
420 48 (229) [0,423]
420 39 (248) [0,423]
10446 48 (228) [0,427]
10446 39 (249) [0,427]
267 48 (276) [0,429]
267 39 (300) [0,429]
865 48 (267) [0,430]
865 39 (271) [0,430]
1144 48 (249) [0,430]
1144 39 (250) [0,430]
251 48 (239) [0,432]
251 39 (238) [0,432]
1715 48 (264) [0,434]
1715 39 (257) [0,434]
1986 48 (258) [0,435]
1986 39 (296) [0,435]
15618 48 (230) [0,439]
15618 39 (244) [0,439]
441 48 (240) [0,442]
441 39 (279) [0,442]
279 48 (273) [0,449]
279 39 (284) [0,449]
272 48 (263) [0,452]
272 39 (308) [0,452]
1135 48 (376) [0,455]
1135 39 (308) [0,455]
1198 48 (253) [0,455]
1198 39 (273) [0,455]
105 38 (446) [0,456]
105 48 (255) [0,456]
105 39 (307) [0,456]
340 48 (280) [0,457]
340 39 (278) [0,457]
16011 16010 (448) [0,459]
16011 48 (256) [0,459]
16011 39 (282) [0,459]
186 48 (309) [0,466]
186 39 (298) [0,466]
407 48 (286) [0,469]
407 39 (289) [0,469]
3616 1146 (218) [0,470]
3616 48 (276) [0,470]
3616 39 (307) [0,470]
681 48 (261) [0,477]
681 39 (289) [0,477]
10 48 (285) [0,478]
10 39 (311) [0,478]
379 48 (251) [0,479]
379 39 (307) [0,479]
259 48 (260) [0,480]
259 39 (254) [0,480]
1814 48 (314) [0,484]
1814 39 (320) [0,484]
396 48 (273) [0,487]
396 39 (307) [0,487]
260 48 (276) [0,489]
260 39 (306) [0,489]
269 48 (300) [0,489]
269 39 (309) [0,489]
11 48 (317) [0,490]
11 39 (325) [0,490]
464 48 (310) [0,494]
464 39 (295) [0,494]
535 48 (281) [0,494]
535 39 (274) [0,494]
55 38 (473) [0,503]
55 48 (234) [0,503]
55 39 (329) [0,503]
12929 48 (289) [0,503]
12929 39 (327) [0,503]
488 48 (305) [0,506]
488 39 (275) [0,506]
449 48 (283) [0,507]
449 39 (266) [0,507]
772 48 (312) [0,508]
772 39 (270) [0,508]
806 48 (271) [0,510]
806 39 (348) [0,510]
1435 48 (300) [0,529]
1435 39 (316) [0,529]
23 48 (293) [0,530]
23 39 (359) [0,530]
107 48 (322) [0,530]
107 39 (283) [0,530]
664 48 (273) [0,530]
664 39 (344) [0,530]
334 48 (299) [0,532]
334 39 (340) [0,532]
371 38 (524) [0,534]
371 48 (268) [0,534]
371 39 (368) [0,534]
1344 48 (304) [0,536]
1344 39 (343) [0,536]
103 48 (281) [0,538]
103 39 (339) [0,538]
703 48 (312) [0,549]
703 39 (306) [0,549]
812 48 (316) [0,550]
812 39 (311) [0,550]
766 48 (348) [0,555]
766 39 (339) [0,555]
570 48 (354) [0,559]
570 39 (392) [0,559]
976 117 (208) [0,561]
976 48 (300) [0,561]
976 39 (318) [0,561]
156 48 (323) [0,562]
156 39 (394) [0,562]
229 48 (379) [0,562]
229 39 (348) [0,562]
1600 48 (317) [0,564]
1600 39 (335) [0,564]
544 48 (349) [0,598]
544 39 (366) [0,598]
549 48 (360) [0,598]
549 39 (337) [0,598]
389 48 (310) [0,602]
389 39 (398) [0,602]
18 48 (325) [0,610]
18 39 (386) [0,610]
649 48 (352) [0,614]
649 39 (385) [0,614]
76 48 (337) [0,620]
76 39 (373) [0,620]
1578 48 (320) [0,620]
1578 39 (400) [0,620]
242 48 (269) [0,627]
242 39 (384) [0,627]
2958 48 (541) [0,631]
2958 39 (450) [0,631]
45 48 (346) [0,634]
45 39 (381) [0,634]
956 48 (384) [0,635]
956 39 (417) [0,635]
10515 405 (215) [0,635]
10515 48 (378) [0,635]
10515 39 (382) [0,635]
405 48 (380) [0,645]
405 39 (366) [0,645]
479 48 (361) [0,645]
479 39 (405) [0,645]
264 48 (374) [0,647]
264 39 (437) [0,647]
31 48 (346) [0,649]
31 39 (381) [0,649]
175 41 (203) [0,658]
175 48 (335) [0,658]
175 39 (431) [0,658]
3270 48 (425) [0,673]
3270 39 (410) [0,673]
783 48 (404) [0,676]
783 39 (444) [0,676]
19 48 (410) [0,679]
19 39 (410) [0,679]
522 48 (408) [0,690]
522 39 (451) [0,690]
179 48 (437) [0,693]
179 39 (458) [0,693]
117 48 (404) [0,701]
117 39 (372) [0,701]
258 48 (480) [0,704]
258 39 (456) [0,704]
13041 41 (267) [0,718]
13041 48 (418) [0,718]
13041 39 (469) [0,718]
161 48 (383) [0,721]
161 39 (447) [0,721]
78 48 (581) [0,740]
78 39 (544) [0,740]
677 48 (443) [0,744]
677 39 (429) [0,744]
589 48 (436) [0,758]
589 39 (489) [0,758]
1004 32 (202) [0,767]
1004 48 (429) [0,767]
1004 39 (404) [0,767]
37 38 (760) [0,783]
37 48 (402) [0,783]
37 39 (512) [0,783]
49 48 (605) [0,786]
49 39 (552) [0,786]
201 48 (464) [0,795]
201 39 (460) [0,795]
286 38 (768) [0,796]
286 48 (410) [0,796]
286 39 (520) [0,796]
548 48 (463) [0,799]
548 39 (472) [0,799]
15832 41 (304) [0,801]
15832 48 (404) [0,801]
15832 39 (508) [0,801]
1393 48 (448) [0,808]
1393 39 (544) [0,808]
301 48 (443) [0,823]
301 39 (485) [0,823]
249 48 (464) [0,825]
249 39 (529) [0,825]
740 48 (366) [0,825]
740 39 (540) [0,825]
824 41 (210) [0,840]
824 48 (491) [0,840]
824 39 (473) [0,840]
592 41 (214) [0,843]
592 48 (511) [0,843]
592 39 (514) [0,843]
16217 41 (312) [0,847]
16217 48 (469) [0,847]
16217 39 (535) [0,847]
604 41 (203) [0,862]
604 48 (505) [0,862]
604 39 (568) [0,862]
338 48 (558) [0,892]
338 39 (523) [0,892]
123 48 (539) [0,893]
123 39 (501) [0,893]
16010 41 (319) [0,900]
16010 48 (503) [0,900]
16010 39 (557) [0,900]
14098 48 (514) [0,918]
14098 39 (580) [0,918]
185 41 (209) [0,969]
185 48 (569) [0,969]
185 39 (570) [0,969]
9 41 (217) [0,976]
9 48 (570) [0,976]
9 39 (605) [0,976]
1146 32 (238) [0,1021]
1146 41 (370) [0,1021]
1146 38 (214) [0,1021]
1146 48 (571) [0,1021]
1146 39 (702) [0,1021]
12925 38 (201) [0,1026]
12925 48 (565) [0,1026]
12925 39 (663) [0,1026]
533 32 (201) [0,1040]
533 41 (242) [0,1040]
533 48 (602) [0,1040]
533 39 (638) [0,1040]
255 32 (237) [0,1050]
255 41 (234) [0,1050]
255 48 (747) [0,1050]
255 39 (755) [0,1050]
60 48 (575) [0,1058]
60 39 (701) [0,1058]
79 32 (268) [0,1122]
79 41 (347) [0,1122]
79 38 (218) [0,1122]
79 48 (619) [0,1122]
79 39 (785) [0,1122]
270 271 (468) [0,1187]
270 225 (201) [0,1187]
270 32 (285) [0,1187]
270 41 (340) [0,1187]
270 38 (270) [0,1187]
270 48 (634) [0,1187]
270 39 (829) [0,1187]
2238 225 (285) [0,1196]
2238 32 (252) [0,1196]
2238 41 (411) [0,1196]
2238 38 (277) [0,1196]
2238 48 (655) [0,1196]
2238 39 (907) [0,1196]
1327 32 (214) [0,1266]
1327 41 (318) [0,1266]
1327 38 (250) [0,1266]
1327 48 (686) [0,1266]
1327 39 (806) [0,1266]
147 32 (254) [0,1267]
147 41 (325) [0,1267]
147 38 (243) [0,1267]
147 48 (747) [0,1267]
147 39 (795) [0,1267]
413 32 (231) [0,1292]
413 41 (278) [0,1292]
413 38 (208) [0,1292]
413 48 (779) [0,1292]
413 39 (756) [0,1292]
438 32 (244) [0,1300]
438 41 (302) [0,1300]
438 38 (270) [0,1300]
438 48 (710) [0,1300]
438 39 (899) [0,1300]
271 225 (283) [0,1475]
271 32 (329) [0,1475]
271 41 (420) [0,1475]
271 38 (267) [0,1475]
271 48 (759) [0,1475]
271 39 (1017) [0,1475]
475 32 (314) [0,1520]
475 41 (410) [0,1520]
475 38 (285) [0,1520]
475 48 (1007) [0,1520]
475 39 (1049) [0,1520]
101 32 (283) [0,1544]
101 41 (341) [0,1544]
101 38 (259) [0,1544]
101 48 (895) [0,1544]
101 39 (968) [0,1544]
310 32 (369) [0,1780]
310 41 (490) [0,1780]
310 38 (299) [0,1780]
310 48 (1187) [0,1780]
310 39 (1272) [0,1780]
110 32 (280) [0,1876]
110 41 (452) [0,1876]
110 38 (1828) [0,1876]
110 48 (925) [0,1876]
110 39 (1178) [0,1876]
36 32 (350) [0,2104]
36 41 (513) [0,2104]
36 38 (1996) [0,2104]
36 48 (1006) [0,2104]
36 39 (1473) [0,2104]
237 32 (387) [0,2123]
237 41 (402) [0,2123]
237 38 (472) [0,2123]
237 48 (1195) [0,2123]
237 39 (1352) [0,2123]
170 32 (373) [0,2129]
170 41 (558) [0,2129]
170 38 (2094) [0,2129]
170 48 (1083) [0,2129]
170 39 (1426) [0,2129]
225 32 (468) [0,2269]
225 41 (625) [0,2269]
225 38 (480) [0,2269]
225 48 (1223) [0,2269]
225 39 (1641) [0,2269]
89 65 (222) [0,2700]
89 32 (489) [0,2700]
89 41 (539) [0,2700]
89 38 (553) [0,2700]
89 48 (1966) [0,2700]
89 39 (1955) [0,2700]
65 32 (538) [0,3116]
65 41 (673) [0,3116]
65 38 (453) [0,3116]
65 48 (1767) [0,3116]
65 39 (1957) [0,3116]
32 41 (2239) [0,10414]
32 38 (1936) [0,10414]
32 48 (5624) [0,10414]
32 39 (5940) [0,10414]
41 38 (2705) [0,10460]
41 48 (6343) [0,10460]
41 39 (8019) [0,10460]
38 48 (5533) [0,10844]
38 39 (7179) [0,10844]
48 39 (20392) [4620,29349]
47 38 39 (216) [213,219]
281 38 39 (201) [196,211]
790 38 39 (242) [238,246]
56 38 48 (205) [200,212]
56 38 39 (245) [241,253]
675 48 39 (202) [136,261]
425 48 39 (200) [134,267]
789 48 39 (213) [149,273]
8978 48 39 (200) [125,242]
267 48 39 (218) [147,276]
1135 48 39 (262) [229,308]
105 38 48 (252) [245,255]
105 38 39 (302) [297,307]
16011 16010 48 (248) [245,256]
16011 16010 39 (277) [271,282]
186 48 39 (228) [141,298]
407 48 39 (209) [106,286]
10 48 39 (217) [118,285]
1814 48 39 (232) [150,314]
269 48 39 (217) [120,300]
11 48 39 (235) [152,317]
464 48 39 (208) [111,295]
55 38 48 (224) [204,234]
55 38 39 (306) [299,329]
12929 48 39 (219) [113,289]
806 48 39 (215) [109,271]
1435 48 39 (211) [87,300]
23 48 39 (222) [122,293]
107 48 39 (215) [75,283]
664 48 39 (210) [87,273]
334 48 39 (221) [107,299]
371 38 48 (264) [258,268]
371 38 39 (363) [358,368]
371 48 39 (210) [102,268]
1344 48 39 (222) [111,304]
103 48 39 (214) [82,281]
703 48 39 (204) [69,306]
812 48 39 (209) [77,311]
766 48 39 (246) [132,339]
570 48 39 (279) [187,354]
976 48 39 (214) [57,300]
156 48 39 (258) [155,323]
229 48 39 (267) [165,348]
1600 48 39 (220) [88,317]
544 48 39 (237) [117,349]
549 48 39 (239) [99,337]
389 48 39 (244) [106,310]
18 48 39 (233) [101,325]
649 48 39 (255) [123,352]
76 48 39 (241) [90,337]
1578 48 39 (232) [100,320]
2958 48 39 (386) [360,450]
45 48 39 (250) [93,346]
956 48 39 (289) [166,384]
10515 48 39 (271) [125,378]
405 48 39 (248) [101,366]
479 48 39 (257) [121,361]
264 48 39 (286) [164,374]
31 48 39 (240) [78,346]
175 48 39 (261) [108,335]
3270 48 39 (300) [162,410]
783 48 39 (305) [172,404]
19 48 39 (288) [141,410]
522 48 39 (288) [169,408]
179 48 39 (317) [202,437]
117 48 39 (244) [75,372]
258 48 39 (338) [232,456]
13041 41 39 (212) [18,267]
13041 48 39 (305) [169,418]
161 48 39 (265) [109,383]
78 48 39 (431) [385,544]
677 48 39 (302) [128,429]
589 48 39 (311) [167,436]
1004 48 39 (265) [66,404]
37 38 48 (396) [379,402]
37 38 39 (493) [489,512]
37 48 39 (308) [131,402]
49 48 39 (455) [371,552]
201 48 39 (303) [129,460]
286 38 48 (406) [382,410]
286 38 39 (506) [492,520]
286 48 39 (325) [134,410]
548 48 39 (326) [136,463]
15832 41 39 (232) [11,304]
15832 48 39 (307) [111,404]
1393 48 39 (334) [184,448]
301 48 39 (322) [105,443]
249 48 39 (355) [168,464]
740 48 39 (282) [81,366]
824 48 39 (322) [124,473]
592 48 39 (365) [182,511]
16217 41 48 (204) [0,312]
16217 41 39 (243) [0,312]
16217 48 39 (340) [157,469]
604 48 39 (398) [211,505]
338 48 39 (371) [189,523]
123 48 39 (349) [147,501]
16010 41 48 (221) [0,319]
16010 41 39 (250) [0,319]
16010 48 39 (361) [160,503]
14098 48 39 (400) [176,514]
185 48 39 (383) [170,569]
9 48 39 (404) [199,570]
1146 41 48 (226) [0,370]
1146 41 39 (286) [51,370]
1146 48 39 (436) [252,571]
12925 48 39 (419) [202,565]
533 48 39 (436) [200,602]
255 48 39 (575) [452,747]
60 48 39 (432) [218,575]
79 41 48 (230) [0,347]
79 41 39 (263) [10,347]
79 48 39 (492) [282,619]
270 271 48 (240) [0,468]
270 271 39 (338) [110,468]
270 41 48 (200) [0,340]
270 41 39 (272) [0,340]
270 48 39 (492) [276,634]
2238 225 39 (222) [0,285]
2238 41 48 (264) [0,411]
2238 41 39 (342) [122,411]
2238 38 39 (215) [0,277]
2238 48 39 (543) [366,655]
1327 41 48 (210) [0,318]
1327 41 39 (262) [0,318]
1327 48 39 (504) [226,686]
147 41 48 (204) [0,325]
147 41 39 (244) [0,325]
147 48 39 (523) [275,747]
413 41 39 (211) [0,278]
413 48 39 (529) [243,756]
438 41 48 (200) [0,302]
438 41 39 (266) [0,302]
438 48 39 (549) [309,710]
271 225 39 (220) [0,283]
271 32 39 (215) [0,329]
271 41 48 (249) [0,420]
271 41 39 (328) [0,420]
271 48 39 (579) [301,759]
475 32 48 (215) [0,314]
475 32 39 (229) [0,314]
475 41 48 (307) [0,410]
475 41 39 (345) [0,410]
475 38 48 (209) [0,285]
475 38 39 (219) [0,285]
475 48 39 (765) [536,1007]
101 41 48 (231) [0,341]
101 41 39 (262) [0,341]
101 48 39 (651) [319,895]
310 32 48 (274) [0,369]
310 32 39 (260) [0,369]
310 41 48 (382) [0,490]
310 41 39 (424) [0,490]
310 38 48 (212) [0,299]
310 38 39 (231) [0,299]
310 48 39 (947) [679,1187]
110 32 38 (276) [232,280]
110 41 38 (445) [404,452]
110 41 48 (291) [0,452]
110 41 39 (352) [0,452]
110 38 48 (910) [877,925]
110 38 39 (1162) [1130,1178]
110 48 39 (695) [227,925]
36 32 38 (331) [242,350]
36 32 39 (237) [0,350]
36 41 38 (490) [405,513]
36 41 48 (290) [0,513]
36 41 39 (420) [0,513]
36 38 48 (968) [898,1006]
36 38 39 (1404) [1365,1473]
36 48 39 (793) [375,1006]
237 32 48 (259) [0,387]
237 32 39 (248) [0,387]
237 41 48 (246) [0,402]
237 41 39 (325) [0,402]
237 38 48 (284) [0,472]
237 38 39 (359) [0,472]
237 48 39 (879) [424,1195]
170 32 38 (367) [338,373]
170 32 48 (217) [0,373]
170 32 39 (234) [0,373]
170 41 38 (551) [523,558]
170 41 48 (340) [0,558]
170 41 39 (434) [0,558]
170 38 48 (1073) [1048,1083]
170 38 39 (1403) [1391,1426]
170 48 39 (835) [380,1083]
225 32 48 (264) [0,468]
225 32 39 (329) [0,468]
225 41 48 (381) [0,625]
225 41 39 (516) [0,625]
225 38 48 (277) [0,480]
225 38 39 (375) [0,480]
225 48 39 (980) [595,1223]
89 32 48 (388) [0,489]
89 32 39 (360) [0,489]
89 41 48 (454) [0,539]
89 41 39 (455) [0,539]
89 38 48 (416) [0,553]
89 38 39 (417) [0,553]
89 48 39 (1510) [1221,1955]
65 32 48 (350) [0,538]
65 32 39 (365) [0,538]
65 41 48 (451) [0,673]
65 41 39 (536) [0,673]
65 38 48 (293) [0,453]
65 38 39 (346) [0,453]
65 48 39 (1274) [608,1767]
32 41 38 (547) [0,1936]
32 41 48 (1444) [0,2239]
32 41 39 (1649) [0,2239]
32 38 48 (1124) [0,1936]
32 38 39 (1266) [0,1936]
32 48 39 (3790) [1150,5624]
41 38 48 (1658) [0,2705]
41 38 39 (2119) [264,2705]
41 48 39 (5181) [3902,6343]
38 48 39 (4220) [1868,5533]
371 38 48 39 (209) [206,210]
37 38 48 39 (303) [302,306]
286 38 48 39 (321) [321,325]
2238 41 48 39 (231) [195,264]
475 41 48 39 (271) [242,307]
310 32 48 39 (214) [165,260]
310 41 48 39 (337) [316,382]
110 41 38 48 (289) [284,291]
110 41 38 39 (348) [345,352]
110 41 48 39 (243) [191,291]
110 38 48 39 (690) [680,695]
36 32 38 39 (223) [218,237]
36 41 38 48 (282) [267,290]
36 41 38 39 (406) [397,420]
36 41 48 39 (253) [197,290]
36 38 48 39 (768) [755,793]
237 41 48 39 (206) [169,246]
237 38 48 39 (245) [171,284]
170 32 38 48 (216) [211,217]
170 32 38 39 (229) [228,234]
170 41 38 48 (336) [333,340]
170 41 38 39 (428) [427,434]
170 41 48 39 (287) [216,340]
170 38 48 39 (828) [825,835]
225 32 48 39 (216) [125,264]
225 41 48 39 (328) [272,381]
225 38 48 39 (235) [172,277]
89 32 48 39 (303) [259,360]
89 41 48 39 (390) [370,454]
89 38 48 39 (333) [280,416]
65 32 48 39 (259) [177,350]
65 41 48 39 (375) [314,451]
65 38 48 39 (236) [186,293]
32 41 38 48 (362) [0,547]
32 41 38 39 (419) [0,547]
32 41 48 39 (1144) [854,1444]
32 38 48 39 (850) [454,1124]
41 38 48 39 (1380) [1072,1658]
110 41 38 48 39 (242) [241,243]
36 41 38 48 39 (246) [245,253]
170 41 38 48 39 (284) [283,284]
32 41 38 48 39 (298) [234,362]
